starttransfer,total
0.126887,0.228487
0.137372,0.238089
0.127485,0.231834
0.124904,0.225147
0.158658,0.261702
0.125490,0.226565
0.126970,0.228413
0.126184,0.227815
0.127372,0.229165
0.128141,0.234626
0.126152,0.227127
0.126900,0.228314
0.126739,0.227547
0.125432,0.226166
0.125842,0.226828
0.127670,0.228303
0.126044,0.228108
0.126417,0.235652
0.126122,0.227117
0.127657,0.228810
0.126591,0.227783
0.125364,0.229462
0.126874,0.228819
0.125831,0.226412
0.127424,0.228902
0.127182,0.228038
0.134363,0.236369
0.126342,0.228871
0.126461,0.227338
0.126580,0.228154
0.129131,0.229911
0.126883,0.228436
0.127258,0.228904
0.124351,0.224977
0.127863,0.234232
0.126378,0.227640
0.127036,0.228634
0.128240,0.229930
0.125173,0.227325
0.126114,0.227577
0.125298,0.226188
0.130580,0.232754
0.125453,0.231239
0.123901,0.225496
0.129542,0.231263
0.127257,0.228085
0.156221,0.257645
0.125628,0.226570
0.125926,0.227681
0.125447,0.226961
0.127998,0.229263
0.133575,0.233081
0.124935,0.226290
0.124933,0.226071
0.124042,0.224780
0.126202,0.227184
0.129739,0.231682
0.125308,0.227280
0.127763,0.229211
0.125653,0.232585
0.126909,0.228925
0.125417,0.226495
0.124690,0.225502
0.124509,0.226494
0.126088,0.227454
0.125022,0.226203
0.125149,0.225332
0.129920,0.232174
0.129375,0.231042
0.127731,0.228550
0.125853,0.226540
0.125080,0.226287
0.152305,0.254115
0.125305,0.226317
0.125541,0.226711
0.125921,0.228944
0.134377,0.235328
0.126381,0.229317
0.125536,0.226065
0.125424,0.226417
0.127685,0.229144
0.125543,0.226713
0.125695,0.227045
0.133523,0.234718
0.129054,0.237960
0.125997,0.226375
0.159826,0.261077
0.127994,0.230651
0.125668,0.226449
0.126563,0.228124
0.125607,0.225616
0.128599,0.229705
0.126061,0.228718
0.132088,0.231793
0.126523,0.227944
0.125214,0.225340
0.126254,0.228954
0.125696,0.226748
0.124614,0.226374
0.126375,0.227688
0.126001,0.226194
0.127846,0.234275
0.125059,0.226974
0.126151,0.228137
0.125889,0.227995
0.125548,0.227120
0.124920,0.225593
0.125359,0.225926
0.125188,0.225540
0.125770,0.232500
0.125024,0.225822
0.125989,0.226848
0.126971,0.228466
0.124903,0.226672
0.126310,0.228932
0.125566,0.225963
0.128493,0.230204
0.125915,0.227085
0.133898,0.234419
0.125187,0.225982
0.125678,0.226930
0.125722,0.226926
0.125546,0.226617
0.124393,0.224930
0.127762,0.229515
0.127312,0.230087
0.125865,0.230525
0.124703,0.227721
0.154523,0.254936
0.125539,0.226584
0.128184,0.229452
0.125427,0.226970
0.126273,0.227146
0.124526,0.224976
0.126280,0.233843
0.130431,0.231592
0.125911,0.226738
0.125593,0.227391
0.126458,0.228583
0.125347,0.226120
0.128751,0.230629
0.125801,0.226942
0.125037,0.226622
0.153387,0.253238
0.125057,0.227627
0.124784,0.225848
0.125212,0.225513
0.125047,0.226710
0.125237,0.226276
0.126763,0.228731
0.125326,0.225726
0.130701,0.236208
0.125402,0.226078
0.124728,0.224986
0.125289,0.226621
0.125454,0.227452
0.127328,0.228917
0.127213,0.228196
0.125331,0.227661
0.124643,0.226413
0.125297,0.228212
0.126997,0.228896
0.125764,0.226296
0.127022,0.228728
0.125933,0.227047
0.129526,0.232892
0.126411,0.227471
0.124521,0.224996
0.134235,0.233542
0.125919,0.228448
0.155497,0.256685
0.125119,0.225553
0.124702,0.226001
0.124866,0.225768
0.125608,0.227108
0.125075,0.225438
0.124516,0.230206
0.125120,0.226143
0.128095,0.229039
0.125223,0.226824
0.126658,0.228372
0.125198,0.226497
0.127665,0.228469
0.126240,0.227935
0.129193,0.231990
0.134491,0.235137
0.125145,0.225830
0.127184,0.229663
0.124876,0.225256
0.129338,0.231187
0.127566,0.228410
0.125633,0.226010
0.126529,0.228166
0.125968,0.230683
0.126653,0.228447
0.125418,0.226502
0.124667,0.227468
0.125613,0.227612
0.124011,0.226445
0.125713,0.227247
0.125263,0.225419
0.124293,0.231429
0.125216,0.225616
0.126212,0.227944
0.125076,0.225660
0.126377,0.227377
0.132302,0.233476
0.132645,0.234164
0.124795,0.225522
0.127571,0.229275
0.136058,0.235384
0.125860,0.228765
0.155948,0.256785
0.125042,0.226917
0.124663,0.225858
0.126415,0.227985
0.125801,0.227144
0.127951,0.229652
0.125871,0.230529
0.125664,0.227333
0.125860,0.227661
0.125766,0.226488
0.125638,0.227461
0.127341,0.227936
0.125340,0.228131
0.125787,0.226906
0.130585,0.238538
0.124905,0.226077
0.124768,0.224577
0.125404,0.227038
0.126161,0.227286
0.126949,0.229037
0.132192,0.239641
0.136409,0.242984
0.133254,0.241059
0.147629,0.252624
0.133505,0.241909
0.132635,0.238433
0.130968,0.237040
0.137058,0.244059
0.135791,0.240964
0.136097,0.243022
0.132608,0.238700
0.134408,0.245605
0.150854,0.274183
0.150425,0.271016
0.146900,0.269100
0.144515,0.264807
0.148310,0.269239
0.145444,0.265536
0.150462,0.250190
0.125485,0.225751
0.155335,0.256832
0.126835,0.228509
0.125187,0.226204
0.127061,0.228399
0.124627,0.225418
0.129717,0.231048
0.127401,0.232398
0.125019,0.226585
0.125073,0.225840
0.124973,0.225607
0.127917,0.229219
0.125497,0.226923
0.126300,0.228846
0.125302,0.226216
0.128218,0.237340
0.126583,0.227101
0.125974,0.227084
0.127571,0.228622
0.126060,0.227160
0.125721,0.226519
0.125598,0.225995
0.127120,0.227996
0.126382,0.227855
0.137274,0.237803
0.125351,0.227259
0.127550,0.229128
0.126030,0.227879
0.127751,0.231330
0.125481,0.227511
0.126643,0.230538
0.125282,0.226184
0.125025,0.231996
0.127896,0.229597
0.126851,0.227528
0.126745,0.228173
0.126070,0.227447
0.125227,0.227115
0.124983,0.225571
0.126122,0.228781
0.127221,0.227654
0.132135,0.232107
0.126627,0.227951
0.156105,0.257125
0.127981,0.229066
0.125064,0.226459
0.125626,0.226716
0.124533,0.224972
0.129255,0.231053
0.136624,0.236100
0.124949,0.227275
0.125545,0.227667
0.124846,0.227366
0.125518,0.227036
0.125183,0.226453
0.125256,0.225630
0.125090,0.226221
0.125060,0.230804
0.124867,0.226248
0.124738,0.226237
0.125604,0.226649
0.125363,0.226430
0.125640,0.227042
0.128475,0.229020
0.125281,0.226795
0.126310,0.228091
0.135593,0.235695
0.127452,0.228868
0.125543,0.225858
0.125356,0.226919
0.125939,0.227266
0.125720,0.226344
0.124989,0.226030
0.126813,0.227666
0.130457,0.236521
0.125435,0.227496
0.125760,0.228829
0.124782,0.225618
0.125513,0.226785
0.125358,0.227154
0.125911,0.227538
0.126878,0.228371
0.125355,0.231132
0.126521,0.228501
0.125425,0.227194
0.160108,0.261546
0.126292,0.227171
0.126594,0.227614
0.125735,0.225779
0.128893,0.230507
0.126085,0.227028
0.136779,0.237096
0.125626,0.225886
0.127549,0.229723
0.124890,0.227073
0.126018,0.228460
0.125344,0.227059
0.124770,0.227423
0.125385,0.226595
0.126030,0.231578
0.125577,0.228009
0.125123,0.226798
0.125629,0.226324
0.125252,0.227132
0.127582,0.228682
0.124459,0.225105
0.126443,0.227898
0.125281,0.231378
0.126668,0.228565
0.124861,0.225760
0.124832,0.225668
0.126233,0.227639
0.124852,0.226279
0.124311,0.226059
0.127058,0.228096
0.124750,0.227613
0.135506,0.234820
0.124874,0.226869
0.124508,0.224845
0.124928,0.226569
0.126536,0.227859
0.126129,0.226803
0.128195,0.230884
0.125842,0.227004
0.125615,0.232482
0.124848,0.226194
0.126097,0.228091
0.157241,0.258276
0.125801,0.226528
0.125327,0.226930
0.124728,0.225373
0.135607,0.246494
0.137213,0.249534
0.138972,0.253766
0.142981,0.262516
0.140688,0.257695
0.126246,0.227025
0.125909,0.227066
0.139383,0.255508
0.142521,0.261238
0.135491,0.235213
0.124553,0.225651
0.124894,0.226431
0.125765,0.226890
0.125665,0.226729
0.124577,0.225523
0.125862,0.226995
0.127586,0.229498
0.125643,0.229936
0.127222,0.228396
0.125076,0.226248
0.125655,0.226386
0.126021,0.227240
0.125321,0.226373
0.124351,0.227372
0.127548,0.227977
0.128244,0.237117
0.126472,0.228310
0.126705,0.229522
0.125567,0.227384
0.125775,0.229739
0.124245,0.224969
0.125021,0.228606
0.126781,0.227992
0.125596,0.226409
0.138712,0.239683
0.125412,0.226146
0.129170,0.231243
0.155797,0.257292
0.126002,0.229735
0.124459,0.225832
0.126623,0.227582
0.125876,0.227216
0.126580,0.233903
0.125106,0.226669
0.126634,0.228979
0.125566,0.226796
0.124804,0.226231
0.124561,0.225567
0.124941,0.225628
0.125099,0.227232
0.126524,0.234300
0.124723,0.226169
0.125456,0.225958
0.125439,0.227094
0.125560,0.227628
0.126462,0.228508
0.125851,0.227311
0.126141,0.228034
0.125464,0.227251
0.135892,0.237351
0.125448,0.226914
0.125455,0.226698
0.125224,0.226523
0.126155,0.227929
0.126211,0.227872
0.127633,0.228572
0.125335,0.228118
0.124993,0.231794
0.124886,0.228772
0.125150,0.227811
0.125490,0.226423
0.127153,0.228999
0.125448,0.225963
0.126300,0.229185
0.126067,0.227610
0.125019,0.230759
0.126694,0.229480
0.125549,0.227062
0.124818,0.227385
0.155554,0.257187
0.131660,0.234273
0.125053,0.227286
0.125331,0.226020
0.125352,0.226727
0.135853,0.236051
0.125837,0.227656
0.125470,0.227571
0.125081,0.226456
0.126496,0.228422
0.125984,0.227703
0.127394,0.230191
0.125681,0.227549
0.128279,0.234982
0.125868,0.226536
0.124889,0.225939
0.126483,0.227934
0.125571,0.226391
0.126364,0.227182
0.127507,0.228545
0.125022,0.227875
0.125783,0.227566
0.132333,0.234521
0.124801,0.225918
0.125745,0.226827
0.131606,0.233151
0.151697,0.252991
0.127347,0.229803
0.124313,0.224313
0.125058,0.226486
0.130536,0.229657
0.127156,0.229703
0.125377,0.227053
0.124844,0.227953
0.125055,0.226647
0.125133,0.228476
0.124934,0.227229
0.125243,0.226755
0.126444,0.234139
0.124944,0.225541
0.126457,0.227691
0.125402,0.226013
0.157619,0.259558
0.125299,0.225518
0.125225,0.226316
0.124645,0.225519
0.127001,0.229091
0.132535,0.232486
0.126784,0.228873
0.124797,0.225775
0.126193,0.227649
0.125472,0.226398
0.127857,0.229055
0.128392,0.229878
0.125337,0.226811
0.125768,0.231630
0.125004,0.226290
0.125530,0.228402
0.124057,0.225265
0.125902,0.228870
0.126413,0.229115
0.125566,0.226588
0.126911,0.229982
0.124252,0.230639
0.128006,0.229210
0.125944,0.230340
0.125542,0.227752
0.124987,0.226542
0.125764,0.228463
0.125723,0.228179
0.126233,0.227390
0.125800,0.226916
0.134863,0.234958
0.125325,0.226724
0.127851,0.230069
0.128241,0.230541
0.125905,0.225943
0.127609,0.229356
0.125870,0.225961
0.128507,0.229894
0.125713,0.231000
0.125364,0.226341
0.125606,0.226573
0.125746,0.227989
0.155988,0.257708
0.124816,0.227551
0.124671,0.225794
0.126023,0.228691
0.125713,0.234226
0.124848,0.225750
0.127575,0.229622
0.126261,0.227700
0.127368,0.229613
0.125965,0.227371
0.126310,0.229065
0.124846,0.226058
0.125035,0.228162
0.138311,0.237902
0.125414,0.226531
0.126941,0.229213
0.125296,0.226884
0.126762,0.228921
0.125651,0.227177
0.125498,0.229210
0.125036,0.226246
0.125425,0.234704
0.156490,0.256829
0.125459,0.226285
0.124839,0.226495
0.126283,0.227868
0.125234,0.226583
0.125627,0.226083
0.125898,0.228019
0.125190,0.225802
0.134715,0.234955
0.126057,0.227063
0.128330,0.230248
0.126082,0.228104
0.125718,0.227327
0.126428,0.228501
0.125295,0.225959
0.124847,0.226692
0.135716,0.235307
0.126980,0.228808
0.125309,0.225737
0.125630,0.228013
0.125408,0.226735
0.125636,0.226465
0.125534,0.226817
0.125167,0.225730
0.128619,0.235014
0.125496,0.226456
0.127577,0.230835
0.125559,0.227227
0.124798,0.227992
0.125540,0.226811
0.125658,0.226519
0.124958,0.227102
0.125572,0.227183
0.135908,0.236885
0.144764,0.265180
0.144406,0.265490
0.145305,0.268569
0.145102,0.265614
0.124694,0.226237
0.144869,0.269748
0.163094,0.264275
0.125783,0.227410
0.124903,0.225844
0.124403,0.225360
0.125393,0.228145
0.133110,0.235206
0.125502,0.226786
0.124667,0.225698
0.136348,0.235965
0.125519,0.227423
0.125858,0.227673
0.127736,0.229884
0.126106,0.226841
0.126856,0.229315
0.125514,0.227071
0.126290,0.228032
0.125489,0.231529
0.125953,0.226320
0.124399,0.225334
0.125713,0.227923
0.125060,0.226717
0.127996,0.229399
0.125313,0.228144
0.125153,0.226688
0.126659,0.230690
0.134350,0.234060
0.124625,0.225564
0.126684,0.227978
0.125571,0.227159
0.127840,0.229719
0.125158,0.226367
0.124572,0.227389
0.124558,0.225161
0.125079,0.233531
0.125200,0.226876
0.125553,0.225738
0.126042,0.228395
0.125013,0.225710
0.124743,0.226287
0.124993,0.226601
0.130388,0.230871
0.126471,0.233969
0.157133,0.258678
0.125657,0.227313
0.126431,0.229257
0.124884,0.226138
0.126320,0.229059
0.124959,0.225959
0.127290,0.229195
0.124606,0.226426
0.136902,0.236613
0.125652,0.227228
0.125944,0.226727
0.128197,0.229480
0.127397,0.229399
0.125401,0.227010
0.126564,0.227130
0.126459,0.227821
0.126814,0.231822
0.125822,0.227677
0.129222,0.231406
0.126125,0.227488
0.132383,0.235113
0.125267,0.226285
0.125947,0.230127
0.134442,0.236039
0.125008,0.232034
0.125822,0.227684
0.126618,0.227407
0.125318,0.226614
0.125607,0.227982
0.125330,0.226625
0.125628,0.227517
0.126481,0.228866
0.125664,0.226480
0.134495,0.234343
0.126364,0.227407
0.127510,0.229739
0.125607,0.227534
0.126878,0.229110
0.126661,0.228074
0.127400,0.229079
0.125818,0.227478
0.126474,0.233461
0.156476,0.258138
0.125686,0.227715
0.125751,0.227333
0.128840,0.231106
0.125987,0.226955
0.128035,0.231217
0.125625,0.227230
0.125508,0.232566
0.125984,0.228424
0.125044,0.226821
0.126496,0.228036
0.125432,0.227363
0.126829,0.228551
0.126199,0.226596
0.127548,0.228419
0.127958,0.228764
0.135933,0.235823
0.127356,0.228461
0.126227,0.227341
0.124828,0.226413
0.125960,0.227827
0.127072,0.228887
0.125826,0.227783
0.127845,0.229940
0.125186,0.232130
0.125333,0.228026
0.125721,0.226750
0.125970,0.228925
0.126848,0.228885
0.125196,0.225817
0.124972,0.225947
0.125336,0.226426
0.127745,0.229993
0.129685,0.231496
0.128408,0.229568
0.125727,0.226420
0.125945,0.229898
0.125457,0.226512
0.126600,0.229113
0.125315,0.227109
0.125222,0.226374
0.140351,0.239785
0.155905,0.256246
0.128685,0.230838
0.133976,0.236788
0.126564,0.228969
0.127242,0.228341
0.125967,0.227441
0.125953,0.227033
0.125211,0.233187
0.125520,0.227671
0.126391,0.227527
0.125103,0.226491
0.127352,0.230306
0.125439,0.226287
0.127457,0.229575
0.125182,0.226527
0.124890,0.226040
0.134055,0.234561
0.125025,0.227140
0.125365,0.227085
0.125298,0.227026
0.129540,0.232035
0.125503,0.226999
0.128963,0.230820
0.126250,0.227672
0.125377,0.230567
0.124920,0.226920
0.125579,0.226807
0.125756,0.227662
0.125173,0.226900
0.125099,0.226501
0.125884,0.227182
0.128458,0.230684
0.125300,0.233860
0.149187,0.250819
0.125972,0.228325
0.127168,0.230128
0.125688,0.226484
0.126732,0.229025
0.125543,0.227130
0.125310,0.225786
0.124662,0.225628
0.133537,0.233567
0.155063,0.258047
0.128994,0.230420
0.126419,0.228422
0.126393,0.227813
0.125801,0.227334
0.125103,0.226637
0.125699,0.227769
0.126257,0.231653
0.125488,0.227274
0.126476,0.228590
0.127290,0.232615
0.126338,0.228231
0.126496,0.228826
0.124960,0.226478
0.125752,0.227571
0.125166,0.232412
0.128829,0.229307
0.126852,0.229012
0.125849,0.227476
0.127178,0.230276
0.126735,0.228127
0.129044,0.231058
0.125152,0.226542
0.124559,0.227471
0.136492,0.237861
0.124656,0.227408
0.125900,0.227090
0.124391,0.225520
0.124955,0.225985
0.125933,0.226970
0.128646,0.230116
0.124709,0.226036
0.125619,0.232161
0.127852,0.229461
0.127040,0.229137
0.124596,0.225493
0.126846,0.227538
0.126186,0.227265
0.128930,0.231290
0.125701,0.227605
0.127989,0.233957
0.125473,0.226119
0.155688,0.256701
0.125898,0.227984
0.126434,0.227844
0.124806,0.226357
0.126184,0.227717
0.125674,0.227603
0.127280,0.229979
0.135551,0.235900
0.124941,0.227898
0.124549,0.225748
0.125221,0.227632
0.125564,0.226573
0.128491,0.229625
0.129150,0.230577
0.127144,0.231754
0.132004,0.245020
0.149668,0.259423
0.127364,0.229532
0.126633,0.234638
0.126754,0.228629
0.127001,0.235711
0.127389,0.232092
0.132363,0.235453
0.128630,0.234339
0.135067,0.236640
0.134532,0.237287
0.131452,0.238658
0.126094,0.227391
0.129516,0.236710
0.132861,0.233657
0.126984,0.227955
0.126854,0.228746
0.135821,0.234959
0.125814,0.228074
0.127268,0.230098
0.125534,0.226356
0.126288,0.230248
0.124943,0.226789
0.124552,0.228280
0.125291,0.228024
0.155111,0.260984
0.128865,0.230032
0.125883,0.226754
0.128410,0.230266
0.126098,0.230424
0.124471,0.226205
0.125106,0.228343
0.125251,0.226620
0.126255,0.227573
0.137343,0.237235
0.125337,0.227506
0.126007,0.228443
0.125887,0.227081
0.129078,0.231859
0.125141,0.226528
0.129007,0.230844
0.124922,0.226104
0.125833,0.231497
0.126926,0.228654
0.147405,0.248901
0.127827,0.229979
0.125731,0.229622
0.125054,0.227087
0.125268,0.227845
0.125187,0.226524
0.126291,0.232988
0.125928,0.227841
0.125618,0.227812
0.127442,0.229410
0.125585,0.227646
0.127263,0.230197
0.128509,0.229912
0.125208,0.228912
0.125250,0.227069
0.134168,0.234272
0.124892,0.226262
0.125607,0.226387
0.124165,0.225480
0.126273,0.227187
0.127066,0.228646
0.126540,0.228310
0.160236,0.261165
0.127021,0.232093
0.126957,0.227985
0.125924,0.226912
0.126523,0.229361
0.125436,0.227099
0.127746,0.229690
0.125276,0.226549
0.126284,0.227660
0.124434,0.231228
0.126102,0.227414
0.125724,0.226767
0.125426,0.226466
0.127585,0.229627
0.125487,0.226749
0.128099,0.228990
0.127815,0.229700
0.125227,0.225612
0.138141,0.237365
0.125636,0.227476
0.125925,0.228078
0.125676,0.227465
0.128712,0.230821
0.125246,0.226303
0.126401,0.229545
0.125284,0.227148
0.125324,0.233174
0.125883,0.226812
0.124888,0.226799
0.124383,0.225968
0.125158,0.229217
0.127327,0.229873
0.125601,0.226770
0.126601,0.228459
0.125999,0.228691
0.134767,0.236643
0.126191,0.228425
0.125822,0.229251
0.124579,0.225711
0.125137,0.227989
0.124414,0.225943
0.127435,0.229254
0.157614,0.258531
0.137449,0.236329
0.126032,0.227741
0.125709,0.227902
0.124789,0.226420
0.125310,0.228693
0.125065,0.226325
0.127846,0.229103
0.126237,0.228744
0.125637,0.232164
0.128789,0.231099
0.125533,0.227222
0.125929,0.228636
0.125231,0.226892
0.125862,0.229234
0.127466,0.229233
0.125277,0.226621
0.126620,0.229740
0.132697,0.232277
0.127432,0.229300
0.125946,0.227217
0.126263,0.227902
0.126621,0.228561
0.125480,0.226620
0.125527,0.227080
0.127651,0.228952
0.125910,0.232790
0.125689,0.227289
0.126050,0.227237
0.126835,0.229472
0.130223,0.231754
0.126047,0.227389
0.126739,0.229234
0.125362,0.226431
0.126706,0.234330
0.124963,0.225932
0.125906,0.227675
0.137778,0.239715
0.125539,0.226626
0.124956,0.226612
0.126269,0.228157
0.125326,0.226563
0.156268,0.257599
0.134595,0.233453
0.126627,0.230222
0.128951,0.230272
0.126753,0.229009
0.126201,0.226949
0.124419,0.225453
0.124512,0.225395
0.124925,0.226297
0.125698,0.231450
0.127066,0.228366
0.124401,0.226384
0.124223,0.224598
0.126077,0.228340
0.127743,0.229179
0.126125,0.226882
0.126039,0.227465
0.125769,0.232222
