starttransfer,total
0.647937,1.324726
0.645745,1.150313
0.144950,0.256260
0.144631,0.257736
0.146121,0.258023
0.146079,0.257550
0.147776,0.259548
0.145319,0.258761
0.145203,0.257023
0.145847,0.257431
0.155324,0.266128
0.147726,0.260781
0.145790,0.257765
0.143879,0.258121
0.144780,0.257750
0.147286,0.258279
0.144840,0.258245
0.148550,0.260251
0.143525,0.260906
0.145960,0.258426
0.145917,0.257008
0.146728,0.257535
0.151011,0.263989
0.159271,0.269999
0.146229,0.259643
0.177930,0.290881
0.146895,0.264966
0.146531,0.259036
0.152315,0.264028
0.145595,0.259829
0.145340,0.257412
0.144846,0.257709
0.146033,0.258769
0.143814,0.257325
0.145401,0.256982
0.152965,0.264071
0.145850,0.257846
0.149122,0.261450
0.142950,0.255016
0.147194,0.258835
0.145896,0.258625
0.146478,0.259245
0.145197,0.257385
0.149258,0.268324
0.166231,0.299541
0.169681,0.306972
0.158267,0.281903
0.156233,0.281143
0.169369,0.306755
0.164614,0.298182
0.168751,0.305613
0.154085,0.277407
0.146417,0.259433
0.155387,0.266780
0.147495,0.260360
0.145403,0.256447
0.144485,0.259250
0.145910,0.257974
0.146022,0.259491
0.143891,0.256050
0.188409,0.299660
0.145211,0.257966
0.145965,0.258003
0.144137,0.256056
0.147512,0.260315
0.146295,0.260065
0.144871,0.256221
0.146203,0.258084
0.153947,0.263436
0.147615,0.260148
0.145924,0.257924
0.147211,0.260200
0.145637,0.259690
0.144399,0.256008
0.145470,0.257807
0.146311,0.258745
0.146709,0.265554
0.145604,0.257893
0.145043,0.257266
0.145715,0.257519
0.146960,0.259865
0.144422,0.256682
0.147715,0.261120
0.143720,0.257215
0.144174,0.255964
0.154967,0.265292
0.145137,0.257889
0.148983,0.261336
0.143822,0.255299
0.145392,0.259430
0.145959,0.257902
0.146981,0.259360
0.145348,0.258288
0.160367,0.270348
0.145803,0.258292
0.145495,0.256416
0.144668,0.256166
0.176801,0.289297
0.148455,0.261118
0.145178,0.257405
0.147346,0.259830
0.144480,0.263027
0.151668,0.263890
0.150759,0.263359
0.147077,0.261105
0.146022,0.259951
0.144782,0.256656
0.145839,0.257417
0.146410,0.258659
0.145665,0.260399
0.154978,0.265296
0.144405,0.256597
0.146024,0.258351
0.146741,0.259706
0.144933,0.257116
0.148389,0.260523
0.143631,0.257486
0.145456,0.257554
0.152898,0.262741
0.146813,0.259185
0.147767,0.259641
0.144531,0.255914
0.145501,0.258679
0.144632,0.255837
0.146652,0.259097
0.145624,0.257323
0.145363,0.262799
0.146678,0.260803
0.145202,0.259852
0.145567,0.258982
0.145748,0.257043
0.146824,0.258648
0.144731,0.256506
0.144597,0.258654
0.173959,0.286867
0.156779,0.268556
0.144406,0.256226
0.226232,0.421981
0.219066,0.408013
0.212821,0.398088
0.238388,0.447719
0.224886,0.420374
0.222792,0.421245
0.206513,0.316387
0.145189,0.257668
0.145457,0.257429
0.145521,0.256991
0.146954,0.261134
0.145529,0.257593
0.148060,0.260545
0.147134,0.260306
0.145747,0.261844
0.147240,0.258884
0.144872,0.258314
0.144187,0.255694
0.145651,0.256929
0.146563,0.258775
0.145145,0.258727
0.151896,0.264595
0.144676,0.260839
0.144320,0.260972
0.146267,0.258496
0.144605,0.256658
0.146113,0.258324
0.144696,0.258609
0.144212,0.256668
0.145680,0.257128
0.145135,0.257939
0.188762,0.298992
0.144514,0.256797
0.144686,0.258272
0.145611,0.257973
0.146690,0.260059
0.144895,0.256235
0.147969,0.261383
0.143783,0.257256
0.145590,0.261963
0.144801,0.256503
0.144797,0.256392
0.146240,0.259776
0.143328,0.255079
0.145318,0.257092
0.144558,0.255643
0.147447,0.259189
0.144949,0.262338
0.145386,0.258149
0.145396,0.259187
0.144621,0.256473
0.145015,0.257096
0.144494,0.257138
0.145355,0.258470
0.146416,0.259126
0.145100,0.257589
0.155591,0.265342
0.150277,0.263620
0.143811,0.256086
0.147478,0.262256
0.144608,0.257829
0.145683,0.257570
0.145631,0.258476
0.145011,0.257207
0.146918,0.264456
0.145139,0.256329
0.147207,0.260028
0.146079,0.258288
0.176531,0.290426
0.144495,0.256530
0.146443,0.259494
0.144695,0.259619
0.153551,0.270556
0.145184,0.257751
0.145696,0.257939
0.147744,0.260002
0.146587,0.258323
0.146492,0.259106
0.143282,0.254751
0.147755,0.260136
0.145024,0.255806
0.155862,0.267403
0.144697,0.259835
0.143498,0.255736
0.144650,0.255869
0.146158,0.258872
0.148070,0.263168
0.152662,0.270991
0.144572,0.256653
0.144583,0.261243
0.147412,0.259414
0.144105,0.256026
0.149083,0.261079
0.144595,0.257687
0.144922,0.255804
0.144936,0.258105
0.144251,0.255676
0.144982,0.262983
0.143954,0.255880
0.144811,0.256041
0.145228,0.257065
0.146170,0.260067
0.145545,0.257192
0.144059,0.256916
0.144012,0.258406
0.175018,0.286981
0.153484,0.263995
0.146621,0.260138
0.146541,0.258623
0.145398,0.258722
0.144501,0.256379
0.145926,0.260203
0.146446,0.258598
0.144376,0.256018
0.147728,0.263814
0.144876,0.258780
0.145349,0.257456
0.146960,0.260217
0.144155,0.255646
0.145259,0.259184
0.145675,0.258001
0.145995,0.258003
0.146322,0.263943
0.144179,0.256856
0.146968,0.258473
0.146473,0.259426
0.144471,0.258566
0.145496,0.257522
0.143546,0.255035
0.145501,0.257222
0.145252,0.258848
0.154236,0.266979
0.144955,0.257242
0.143876,0.255827
0.147497,0.259082
0.144597,0.255689
0.147186,0.258772
0.145674,0.259000
0.145640,0.257970
0.251764,0.410601
0.340784,0.634751
0.382951,0.757933
0.370944,0.728279
0.330635,0.646937
0.147334,0.259402
0.308864,0.602672
0.381670,0.755712
0.372497,0.623705
0.144828,0.259781
0.144850,0.256002
0.145175,0.256021
0.146110,0.257822
0.146681,0.260132
0.145337,0.258405
0.144570,0.256128
0.144055,0.255500
0.152617,0.266998
0.147331,0.259512
0.146704,0.259936
0.145053,0.259619
0.145735,0.257875
0.144463,0.256665
0.146126,0.258387
0.159495,0.277371
0.155658,0.265317
0.146849,0.258179
0.144080,0.257759
0.178082,0.290941
0.145273,0.256164
0.147635,0.259735
0.143661,0.258022
0.144744,0.256992
0.151106,0.266766
0.145987,0.257637
0.147874,0.259862
0.143990,0.256851
0.147847,0.260661
0.145136,0.256651
0.147074,0.258418
0.143786,0.255882
0.146198,0.260081
0.150178,0.262853
0.144292,0.256108
0.147147,0.258206
0.143812,0.255050
0.145898,0.260171
0.143563,0.255814
0.144691,0.256180
0.144444,0.256768
0.160030,0.270020
0.144737,0.257718
0.145890,0.260315
0.144348,0.261037
0.144777,0.256080
0.143778,0.255268
0.144405,0.256285
0.145711,0.258501
0.144748,0.262307
0.145008,0.256439
0.144967,0.257211
0.147416,0.259141
0.144775,0.257400
0.148877,0.260993
0.145315,0.257420
0.174106,0.286179
0.145092,0.257125
0.148393,0.260271
0.148355,0.259821
0.144469,0.256089
0.147226,0.260383
0.144771,0.257396
0.145263,0.258199
0.143538,0.255931
0.145829,0.259156
0.152336,0.264159
0.144244,0.257289
0.145396,0.257729
0.144163,0.255324
0.144617,0.257763
0.143140,0.255175
0.145271,0.257073
0.144602,0.257040
0.145727,0.262978
0.143463,0.254432
0.145256,0.257388
0.143966,0.258266
0.144379,0.257401
0.144867,0.256446
0.144014,0.256716
0.144191,0.257865
0.145077,0.257845
0.150734,0.261019
0.145163,0.256914
0.147523,0.259630
0.145475,0.257528
0.146135,0.259957
0.142836,0.255959
0.144832,0.256711
0.144111,0.255414
0.153967,0.264237
0.147111,0.258806
0.174431,0.286901
0.146006,0.260452
0.143958,0.256032
0.145595,0.258553
0.145314,0.257329
0.144552,0.257501
0.148873,0.269139
0.144294,0.255486
0.144115,0.255722
0.144829,0.257358
0.145057,0.259093
0.145617,0.257431
0.144368,0.255835
0.143281,0.255601
0.146877,0.259623
0.152439,0.263229
0.147463,0.260253
0.146881,0.261455
0.276539,0.533048
0.261064,0.505414
0.258915,0.500277
0.246143,0.471259
0.157796,0.284367
0.245939,0.355863
0.143145,0.255648
0.143432,0.255351
0.145441,0.257758
0.147491,0.259188
0.143444,0.257946
0.143130,0.254339
0.144401,0.255893
0.144593,0.260333
0.155473,0.267238
0.174210,0.286369
0.144212,0.258853
0.144455,0.256185
0.147364,0.260865
0.144235,0.255954
0.146878,0.259257
0.143377,0.263158
0.144533,0.256905
0.145619,0.256992
0.145085,0.256693
0.143847,0.257663
0.142703,0.254678
0.145118,0.256886
0.144498,0.257072
0.144917,0.257876
0.152143,0.263635
0.149991,0.261931
0.145290,0.260243
0.144704,0.255943
0.144131,0.256843
0.144625,0.258032
0.146128,0.259545
0.144038,0.257823
0.144717,0.261223
0.144162,0.256279
0.146105,0.260031
0.143568,0.256907
0.147930,0.260358
0.143554,0.257664
0.143782,0.255344
0.145084,0.257575
0.145870,0.263745
0.147572,0.260315
0.143344,0.254871
0.144596,0.258434
0.146147,0.258783
0.146030,0.259605
0.175274,0.288267
0.146362,0.258969
0.144543,0.258377
0.153306,0.263892
0.144880,0.257392
0.144780,0.256962
0.145989,0.258246
0.143941,0.256591
0.145986,0.259916
0.144363,0.256517
0.147845,0.261589
0.145143,0.263026
0.146317,0.259035
0.143294,0.257131
0.143936,0.255911
0.145568,0.257745
0.143967,0.255757
0.145194,0.258815
0.144531,0.257186
0.144691,0.261701
0.148783,0.260852
0.146597,0.262898
0.145063,0.256461
0.146455,0.259692
0.145621,0.259825
0.144539,0.256874
0.145849,0.257886
0.145405,0.257786
0.154676,0.267571
0.144345,0.256526
0.145125,0.259837
0.144532,0.256950
0.145074,0.257880
0.143964,0.257087
0.145765,0.259533
0.143625,0.257183
0.145599,0.261809
0.173667,0.285363
0.145292,0.257468
0.148021,0.260641
0.144070,0.254990
0.146075,0.258661
0.144145,0.254982
0.147664,0.260365
0.145176,0.265562
0.145152,0.257534
0.145983,0.260495
0.143952,0.256573
0.144567,0.257737
0.145174,0.257722
0.143977,0.257836
0.144657,0.256605
0.145307,0.256886
0.157909,0.267951
0.145662,0.259356
0.143970,0.255333
0.147045,0.259536
0.144920,0.261987
0.174010,0.285862
0.144422,0.256369
0.144087,0.256290
0.148480,0.266141
0.144764,0.256887
0.144841,0.256972
0.144059,0.256121
0.146632,0.258894
0.145023,0.257211
0.146860,0.260100
0.143843,0.258419
0.144555,0.262939
0.143659,0.255096
0.144317,0.255835
0.145345,0.259565
0.144160,0.255896
0.143682,0.255757
0.145570,0.257865
0.147342,0.259967
0.144301,0.256717
0.156240,0.268175
0.145041,0.259389
0.145139,0.258560
0.144847,0.256713
0.144991,0.257455
0.145869,0.262396
0.145660,0.258028
0.143913,0.256075
0.145239,0.262087
0.146717,0.260507
0.145735,0.258016
0.146125,0.259674
0.145215,0.259254
0.144516,0.256891
0.144217,0.256481
0.145192,0.260806
0.176725,0.290521
0.147561,0.259651
0.144458,0.256564
0.145289,0.257056
0.145756,0.260418
0.148692,0.261880
0.147523,0.259922
0.144651,0.258603
0.144557,0.257306
0.156301,0.266786
0.145135,0.256669
0.146318,0.257892
0.144704,0.257639
0.149282,0.273078
0.168576,0.292125
0.159175,0.279736
0.157175,0.277344
0.158523,0.282468
0.158047,0.277383
0.157681,0.277483
0.155658,0.275959
0.159091,0.279754
0.156245,0.273598
0.152760,0.272690
0.156298,0.274892
0.153466,0.271419
0.165038,0.281762
0.150871,0.268707
0.155482,0.273242
0.152419,0.270491
0.152267,0.270429
0.150729,0.268092
0.154025,0.269305
0.153220,0.271775
0.191112,0.304859
0.150754,0.270733
0.148020,0.263157
0.147578,0.263726
0.147420,0.262032
0.151276,0.265851
0.145851,0.260825
0.152723,0.266313
0.149126,0.267478
0.146166,0.259218
0.148937,0.263576
0.147463,0.261640
0.146584,0.261054
0.144721,0.255975
2.176055,4.106514
2.154219,4.043580
0.180844,0.302347
0.145126,0.257926
0.164672,0.288951
0.147861,0.259872
0.145801,0.257681
0.146138,0.261901
0.146014,0.259806
0.144297,0.256407
0.147337,0.265005
0.146253,0.258428
0.144761,0.257669
0.145180,0.261031
0.144801,0.258235
0.148117,0.260704
0.143876,0.257878
0.145711,0.259759
0.144405,0.259058
0.155002,0.266816
0.144448,0.255886
0.146332,0.259019
0.147733,0.259621
0.145902,0.259235
0.145258,0.259873
0.145434,0.257853
0.146022,0.260097
0.142940,0.261647
0.146944,0.259523
0.144239,0.258661
0.146854,0.259643
0.144852,0.257395
0.147053,0.260215
0.146075,0.260936
0.146760,0.260063
0.145652,0.264746
0.146561,0.258717
0.145809,0.259772
0.176152,0.288080
0.145855,0.258578
0.144545,0.258730
0.144368,0.256917
0.145177,0.258756
0.143996,0.257278
0.161891,0.272740
0.144009,0.255561
0.145619,0.259332
0.144304,0.257178
0.145389,0.258726
0.144455,0.255781
0.145434,0.258086
0.144629,0.258341
0.144365,0.261942
0.144464,0.257683
0.144149,0.256158
0.146918,0.259783
0.144113,0.255131
0.145683,0.260157
0.144615,0.257969
0.147801,0.259569
0.145009,0.261227
0.145520,0.258272
0.144501,0.259485
0.144053,0.256783
0.144041,0.255238
0.144614,0.255691
0.146056,0.260051
0.144431,0.257240
0.144789,0.257599
0.154436,0.265116
0.146908,0.259817
0.143838,0.256146
0.145652,0.258567
0.144133,0.257333
0.143384,0.254932
0.174491,0.285831
0.145894,0.258722
0.148167,0.266135
0.145114,0.257183
0.146878,0.258742
0.144809,0.256976
0.146693,0.259354
0.144328,0.256072
0.147257,0.260544
0.144507,0.259549
0.143972,0.261323
0.143735,0.255863
0.143965,0.256100
0.144585,0.258015
0.144342,0.256902
0.144925,0.256243
0.144157,0.256403
0.145260,0.258958
0.150660,0.263775
0.155280,0.266964
0.143602,0.258232
0.143430,0.255736
0.144745,0.257346
0.143641,0.256460
0.144968,0.259435
0.144868,0.257358
0.143636,0.255818
0.145264,0.263062
0.146872,0.259729
0.146165,0.257959
0.148035,0.259943
0.143779,0.257521
0.144435,0.257220
0.144842,0.257072
0.144895,0.256746
0.144118,0.263365
0.143848,0.256375
0.174615,0.286940
0.145018,0.257755
0.145904,0.259426
0.145190,0.258094
0.145550,0.259430
0.150317,0.263239
0.145402,0.258485
0.153484,0.264300
0.145194,0.257374
0.146181,0.258116
0.144209,0.255723
0.145197,0.260299
0.144977,0.257366
0.148575,0.260162
0.143308,0.255492
0.148042,0.266084
0.144954,0.260681
0.144969,0.256825
0.145570,0.257088
0.145239,0.256363
0.149732,0.263455
0.143826,0.256608
0.145506,0.259830
0.143937,0.255980
0.150251,0.262426
0.144052,0.257307
0.145810,0.260489
0.144344,0.258790
0.144123,0.255907
0.144151,0.256468
0.145237,0.257945
0.144876,0.259640
0.153264,0.264145
0.144347,0.257727
0.143296,0.255489
0.147430,0.260151
0.144521,0.257676
0.176516,0.288323
0.144065,0.258493
0.144011,0.256808
0.144050,0.263023
0.144746,0.257226
0.146821,0.258360
0.143559,0.255946
0.144576,0.257808
0.143677,0.257301
0.146158,0.260533
0.144172,0.255193
0.145179,0.257993
0.151136,0.264246
0.144102,0.255828
0.144778,0.257172
0.143609,0.255920
0.145527,0.259907
0.144680,0.256893
0.144797,0.257887
0.144548,0.257705
0.155714,0.268155
0.145526,0.257376
0.146246,0.259634
0.143729,0.258473
0.143543,0.256266
0.144853,0.257534
0.145568,0.257671
0.146234,0.259709
0.144921,0.263872
0.144583,0.256928
0.144804,0.257983
0.146096,0.259268
0.144713,0.257972
0.146692,0.258776
0.145120,0.260307
0.144854,0.257843
0.214359,0.326592
0.151191,0.261867
0.144147,0.256786
0.144858,0.257485
0.144070,0.256379
0.144738,0.259466
0.144010,0.257387
0.144573,0.256312
0.143756,0.256688
0.155140,0.265408
0.144030,0.256105
0.143734,0.255959
0.143891,0.255651
0.147241,0.259906
0.144283,0.256275
0.146886,0.258866
0.142970,0.257195
0.143708,0.261805
0.157399,0.269498
0.144276,0.257571
0.147532,0.259517
0.144803,0.256320
0.147084,0.259370
0.144876,0.257751
0.145139,0.260220
0.145163,0.256915
0.154204,0.266739
0.145257,0.259052
0.144743,0.258735
0.144433,0.257092
0.148247,0.259821
0.147033,0.259270
0.143882,0.256437
0.145467,0.259719
0.155715,0.266237
0.147267,0.263485
0.177398,0.289656
0.146409,0.261508
0.145511,0.260080
0.146305,0.258769
0.145512,0.257902
0.146223,0.260415
0.148533,0.265819
0.144462,0.257885
0.146596,0.261526
0.145170,0.257509
0.148257,0.260348
0.144922,0.257537
0.145649,0.258838
0.145368,0.260486
0.144914,0.257651
0.152514,0.263492
0.145595,0.258421
0.146430,0.258415
0.145711,0.258391
0.146071,0.260316
0.144880,0.257432
0.146457,0.259460
0.147923,0.260829
0.160052,0.270297
0.146492,0.262161
0.144776,0.256594
0.145770,0.259449
0.145259,0.258646
0.149484,0.262059
0.144965,0.257234
0.145941,0.261286
0.143729,0.262544
0.148482,0.261721
0.145891,0.259618
0.147006,0.259883
0.144683,0.258413
0.174826,0.288155
0.145273,0.257722
0.147139,0.261395
0.147849,0.261289
0.152697,0.264072
0.145649,0.259234
0.145879,0.257840
0.145688,0.258641
0.145162,0.257540
0.147688,0.260037
0.145352,0.259023
0.148345,0.261905
0.154550,0.264948
0.145549,0.258016
0.147936,0.260947
0.144716,0.257119
0.148236,0.267822
0.146401,0.259401
0.147686,0.260409
0.149322,0.262453
0.145853,0.263519
0.145507,0.259739
0.145605,0.258534
0.149108,0.261331
0.147864,0.260129
0.146095,0.258823
0.144390,0.257442
0.145185,0.260193
0.145417,0.258042
0.152916,0.266081
0.145313,0.258927
0.146334,0.260169
0.145446,0.260298
0.148406,0.261334
0.144595,0.256645
0.145337,0.257870
0.178539,0.291074
0.156935,0.267814
0.147017,0.261639
0.145307,0.258156
0.146071,0.260596
0.144297,0.257287
0.147463,0.260307
0.144453,0.258980
0.144649,0.258695
0.145902,0.264213
0.144632,0.257226
0.148180,0.261762
0.143749,0.256327
0.146089,0.260195
0.144570,0.257476
0.145172,0.258555
0.144155,0.255926
0.147822,0.261926
0.151461,0.265189
0.145139,0.257259
0.145381,0.257178
0.144675,0.256822
0.147107,0.260994
0.145236,0.257920
0.147260,0.260023
2.217578,4.164601
0.643590,0.782108
2.258709,4.249206
2.285397,4.259889
2.242534,4.236099
0.147408,0.259033
0.174249,0.311859
2.263807,4.244891
1.453690,1.564844
0.145466,0.257661
0.145719,0.260321
0.146198,0.259828
0.146191,0.259450
0.145788,0.258259
0.146647,0.259107
0.147015,0.259113
0.145710,0.264548
0.145485,0.257561
0.145956,0.257989
0.145602,0.259285
0.146647,0.259163
0.146154,0.258623
0.152706,0.267481
0.145543,0.259003
0.146741,0.266195
0.144771,0.257023
0.148901,0.262000
0.144605,0.257641
0.146321,0.261683
0.145528,0.257377
0.144499,0.256739
0.147870,0.261747
0.144819,0.258360
0.153815,0.267405
0.144584,0.257423
0.145506,0.259017
0.145489,0.257812
0.146399,0.259588
0.145528,0.259781
0.144785,0.257601
0.144163,0.257528
0.144101,0.261310
0.149724,0.261456
0.144672,0.257165
0.145718,0.260028
0.174787,0.287466
0.146045,0.260819
0.144993,0.257378
0.145810,0.259812
0.145026,0.266530
0.151419,0.263828
0.145990,0.257950
0.144391,0.256610
0.147440,0.260134
0.144168,0.256234
0.146868,0.259994
0.145356,0.257763
0.147862,0.261618
0.155534,0.265704
0.144997,0.258666
0.150642,0.264356
0.144767,0.257314
0.145113,0.257126
0.144927,0.257616
0.145333,0.260699
0.143429,0.255655
0.145047,0.262800
0.145021,0.257439
0.147025,0.260583
0.144858,0.257971
0.146930,0.259170
0.144399,0.257795
0.144536,0.256295
0.143560,0.255586
0.145057,0.262036
0.148422,0.261844
0.144818,0.258201
0.145327,0.260002
0.145122,0.257802
0.160953,0.274068
0.142820,0.254842
0.176863,0.289404
0.143785,0.257536
0.154904,0.265565
0.145271,0.258342
0.145285,0.258097
0.146517,0.259079
0.144170,0.256901
0.145494,0.259123
0.145204,0.256881
0.145490,0.260024
0.145302,0.261447
