starttransfer,total
0.126095,0.221276
0.130102,0.227448
0.126567,0.221305
0.127142,0.225267
0.127162,0.222024
0.128316,0.224625
0.127567,0.223455
0.129144,0.229721
0.131742,0.229245
0.133972,0.230587
0.128769,0.225726
0.131503,0.232046
0.124878,0.219791
0.126897,0.222026
0.128184,0.223176
0.126409,0.222777
0.133690,0.228261
0.124818,0.219962
0.130164,0.225305
0.127059,0.221941
0.130653,0.225126
0.125126,0.221299
0.127080,0.221294
0.156665,0.251646
0.124853,0.223747
0.125118,0.221599
0.124388,0.220247
0.124554,0.218895
0.126247,0.220695
0.125707,0.220351
0.125833,0.220582
0.125101,0.220201
0.124623,0.219136
0.128096,0.222974
0.125144,0.220123
0.127703,0.223341
0.125816,0.221001
0.126531,0.222032
0.128382,0.223239
0.127004,0.221776
0.124343,0.220844
0.135445,0.229158
0.124815,0.221588
0.123619,0.220021
0.124972,0.219106
0.124056,0.218485
0.126945,0.222228
0.125174,0.220133
0.123231,0.217362
0.126447,0.226716
0.124776,0.219615
0.125227,0.220581
0.127891,0.223129
0.124931,0.219527
0.129545,0.224326
0.123474,0.217383
0.126456,0.222884
0.125299,0.221166
0.133933,0.227002
0.123856,0.219058
0.124076,0.218553
0.124548,0.219532
0.125496,0.220600
0.123281,0.217888
0.125480,0.219429
0.159473,0.253400
0.126563,0.225852
0.126852,0.222583
0.125418,0.219910
0.125517,0.222385
0.124151,0.219666
0.127730,0.224820
0.123822,0.219648
0.127831,0.222620
0.124293,0.225205
0.126698,0.222149
0.124464,0.219398
0.125415,0.220415
0.125800,0.221984
0.124936,0.219612
0.125579,0.221898
0.124128,0.218411
0.126517,0.222643
0.132830,0.226669
0.125710,0.220782
0.124434,0.219551
0.126842,0.221480
0.123912,0.220202
0.124662,0.219003
0.124328,0.220897
0.123956,0.218481
0.124951,0.223401
0.125536,0.219845
0.125021,0.220142
0.124626,0.219454
0.127576,0.223650
0.125047,0.219372
0.127266,0.223699
0.124995,0.220579
0.125536,0.227057
0.124493,0.219170
0.125460,0.221146
0.124578,0.219030
0.124892,0.219498
0.123633,0.219543
0.124753,0.219418
0.124321,0.219440
0.154863,0.249056
0.135106,0.228453
0.124246,0.219040
0.126014,0.220911
0.125214,0.220170
0.125696,0.221105
0.124612,0.219296
0.125311,0.219938
0.124536,0.219097
0.124232,0.223268
0.124481,0.219375
0.124438,0.218768
0.124278,0.218283
0.124550,0.218705
0.127577,0.222321
0.123492,0.218493
0.126932,0.221576
0.124308,0.219514
0.134210,0.228355
0.124219,0.221090
0.123489,0.218058
0.124443,0.220928
0.124965,0.220888
0.124683,0.220156
0.124216,0.218695
0.125847,0.220862
0.124859,0.222193
0.127116,0.222235
0.124748,0.218921
0.127531,0.224366
0.124017,0.218850
0.125482,0.220426
0.129317,0.223929
0.126109,0.221214
0.125535,0.225742
0.125771,0.220962
0.125696,0.220849
0.124062,0.218363
0.126263,0.221961
0.127554,0.223094
0.131689,0.228663
0.125885,0.220517
0.157931,0.252459
0.131811,0.224396
0.124588,0.221101
0.124430,0.218747
0.124694,0.220520
0.124564,0.218820
0.126637,0.221741
0.126562,0.222103
0.127824,0.222288
0.124456,0.222458
0.128206,0.223106
0.124014,0.217711
0.125845,0.219499
0.126016,0.220261
0.125017,0.219458
0.128637,0.224790
0.123778,0.218202
0.126346,0.227736
0.124736,0.219702
0.125678,0.219675
0.124319,0.220175
0.124658,0.220934
0.124561,0.219927
0.124586,0.218855
0.124754,0.219226
0.124627,0.218443
0.133404,0.225739
0.124227,0.218021
0.126822,0.221616
0.125299,0.219429
0.126434,0.221434
0.124053,0.218030
0.126715,0.222022
0.124534,0.218558
0.127738,0.226653
0.124520,0.218791
0.126397,0.220556
0.124387,0.219043
0.126004,0.220439
0.124972,0.218426
0.125257,0.219374
0.126149,0.221279
0.155321,0.249121
0.132675,0.227152
0.125901,0.219590
0.125011,0.218675
0.124564,0.218961
0.125104,0.219505
0.125648,0.219958
0.126248,0.221175
0.124687,0.219130
0.135730,0.228197
0.124404,0.218275
0.125132,0.220730
0.124245,0.218577
0.124375,0.218516
0.124644,0.219268
0.124354,0.217932
0.128612,0.223188
0.123779,0.222689
0.127578,0.221841
0.124370,0.218233
0.126930,0.221507
0.124739,0.219152
0.125683,0.220649
0.125306,0.219250
0.126053,0.220142
0.124641,0.217992
0.135197,0.230116
0.124303,0.217865
0.125486,0.219687
0.127822,0.221426
0.124825,0.218900
0.126437,0.223209
0.124627,0.218618
0.127356,0.221443
0.124598,0.224016
0.127914,0.221968
0.123996,0.218898
0.126197,0.221011
0.124661,0.218992
0.125145,0.218618
0.126510,0.221341
0.125811,0.220752
0.158504,0.259194
0.125412,0.219662
0.127623,0.222002
0.126839,0.220391
0.124381,0.220961
0.125664,0.220239
0.125196,0.221716
0.125059,0.219106
0.125790,0.220011
0.132517,0.224764
0.125623,0.220379
0.125534,0.219726
0.127190,0.221356
0.124965,0.219800
0.124159,0.218388
0.125630,0.219835
0.124927,0.219239
0.127476,0.227302
0.124321,0.218294
0.125940,0.220957
0.124623,0.218582
0.126671,0.221861
0.124549,0.218424
0.125335,0.219533
0.124527,0.217871
0.125549,0.219619
0.131645,0.226004
0.125041,0.219188
0.125871,0.220307
0.125318,0.219753
0.127941,0.222116
0.126681,0.221204
0.127409,0.222399
0.124351,0.218603
0.131712,0.223709
0.126920,0.221230
0.127184,0.222302
0.125196,0.219390
0.124825,0.219572
0.126290,0.221397
0.123972,0.217593
0.128709,0.223190
0.154865,0.255947
0.124091,0.219049
0.124787,0.219126
0.126297,0.220536
0.124444,0.218897
0.125667,0.220809
0.124193,0.218690
0.126599,0.221838
0.124346,0.218712
0.135930,0.228790
0.124764,0.220348
0.124641,0.218774
0.125461,0.221827
0.123843,0.217910
0.124630,0.219311
0.124140,0.218393
0.124746,0.220353
0.126071,0.225410
0.128716,0.223565
0.126165,0.221574
0.127318,0.222672
0.125181,0.219745
0.132605,0.227653
0.123783,0.219740
0.126384,0.220990
0.124178,0.224588
0.132299,0.228257
0.124109,0.218437
0.123698,0.217682
0.126350,0.220658
0.125213,0.219263
0.124369,0.218552
0.125256,0.219093
0.124397,0.218294
0.133029,0.225756
0.128808,0.223472
0.124015,0.218576
0.126627,0.221242
0.123916,0.218430
0.126836,0.221617
0.124579,0.218361
0.125899,0.220994
0.155565,0.254178
0.124936,0.219110
0.125173,0.219356
0.126123,0.221585
0.124617,0.219471
0.126168,0.221356
0.124613,0.220389
0.124963,0.219467
0.125233,0.220104
0.127634,0.222126
0.126515,0.221553
0.124491,0.218626
0.125856,0.220666
0.123798,0.218492
0.125373,0.219894
0.123639,0.217914
0.126271,0.220757
0.133402,0.225497
0.126361,0.221022
0.123833,0.217784
0.123587,0.217992
0.125429,0.220329
0.124403,0.218656
0.127010,0.222880
0.124453,0.218023
0.126678,0.227154
0.124800,0.219077
0.127075,0.221937
0.124219,0.218546
0.124558,0.218637
0.124345,0.220831
0.125336,0.220159
0.124886,0.219128
0.125031,0.219391
0.133840,0.227833
0.124462,0.218939
0.126034,0.221078
0.124840,0.219419
0.127852,0.222721
0.124079,0.218448
0.126015,0.220015
0.123980,0.218305
0.156611,0.254671
0.125545,0.220148
0.125984,0.220609
0.124667,0.218456
0.125618,0.221006
0.125167,0.219057
0.127835,0.222143
0.124443,0.219926
0.124664,0.224001
0.123961,0.218644
0.125258,0.218959
0.128276,0.222994
0.125520,0.219862
0.126243,0.220854
0.124073,0.218278
0.126166,0.221899
0.124913,0.219287
0.133191,0.226968
0.124826,0.219114
0.124756,0.219149
0.125118,0.219519
0.124271,0.218570
0.124390,0.220061
0.124871,0.219249
0.126569,0.221500
0.124850,0.223049
0.127690,0.222428
0.124568,0.220317
0.126683,0.220953
0.125036,0.220265
0.128334,0.222494
0.124787,0.218577
0.125829,0.220386
0.124523,0.219246
0.128049,0.222589
0.125055,0.219987
0.125434,0.219716
0.128640,0.223688
0.123909,0.218008
0.125969,0.221030
0.124999,0.219471
0.125291,0.220020
0.162297,0.255005
0.128384,0.222623
0.125607,0.220516
0.126601,0.221722
0.124168,0.218892
0.124694,0.221460
0.124766,0.219717
0.124716,0.221172
0.125417,0.226570
0.124607,0.219108
0.150173,0.245114
0.123924,0.218773
0.126639,0.221857
0.125223,0.219779
0.127648,0.222960
0.125679,0.221135
0.125549,0.220603
0.134719,0.227774
0.125984,0.220391
0.123806,0.217520
0.124554,0.219181
0.124280,0.219324
0.124095,0.218119
0.124804,0.219372
0.123474,0.217812
0.129006,0.228312
0.124501,0.219081
0.126137,0.221008
0.124112,0.218608
0.125366,0.220380
0.129689,0.223598
0.125523,0.221296
0.124730,0.218481
0.125413,0.226284
0.124315,0.218504
0.125968,0.220242
0.125365,0.219555
0.123735,0.217619
0.127453,0.222407
0.123338,0.218191
0.128288,0.223253
0.124491,0.218970
0.167791,0.260855
0.125149,0.219570
0.124739,0.219089
0.125451,0.220251
0.151970,0.247256
0.124148,0.219948
0.125159,0.219892
0.124006,0.220518
0.126056,0.224357
0.124522,0.220442
0.124646,0.219364
0.124596,0.219319
0.124693,0.218358
0.129402,0.224286
0.124748,0.219254
0.126635,0.222601
0.124387,0.219365
0.129047,0.223509
0.124585,0.219881
0.124643,0.218934
0.124977,0.221053
0.125418,0.219632
0.126045,0.220171
0.124441,0.218440
0.125471,0.220328
0.135733,0.228682
0.128732,0.222683
0.125451,0.219642
0.126308,0.221432
0.124782,0.221158
0.125596,0.220820
0.125145,0.218961
0.126177,0.221450
0.123849,0.222446
0.125909,0.219990
0.125469,0.220007
0.124218,0.217959
0.126006,0.220121
0.125087,0.219340
0.126987,0.221522
0.125170,0.219948
0.126187,0.220302
0.165287,0.258112
0.123675,0.217538
0.124722,0.220804
0.124415,0.218394
0.125684,0.220232
0.127709,0.221876
0.124291,0.218226
0.124594,0.220120
0.124540,0.224236
0.127052,0.223434
0.124532,0.219124
0.125370,0.221388
0.125149,0.221076
0.124367,0.218464
0.127015,0.222853
0.123827,0.218362
0.127514,0.228300
0.124684,0.220438
0.125882,0.220712
0.124106,0.220270
0.124157,0.218408
0.124508,0.219988
0.124304,0.218678
0.124326,0.219316
0.125065,0.219150
0.133833,0.227409
0.125399,0.220129
0.128687,0.223036
0.124644,0.219039
0.128729,0.223808
0.125635,0.220549
0.126766,0.221639
0.124762,0.219461
0.125305,0.225678
0.125228,0.219536
0.125909,0.220306
0.124581,0.219782
0.126895,0.222443
0.125692,0.220438
0.125522,0.219896
0.129759,0.224755
0.125114,0.224603
0.158566,0.252901
0.124785,0.219351
0.126163,0.222392
0.124371,0.219260
0.126070,0.222644
0.123901,0.219309
0.126007,0.221713
0.124911,0.220261
0.139427,0.232279
0.124838,0.219507
0.125095,0.220673
0.124958,0.220727
0.125332,0.220421
0.125689,0.221574
0.124723,0.219308
0.126910,0.223070
0.124204,0.222936
0.129448,0.224560
0.124174,0.218990
0.125839,0.220378
0.124713,0.222434
0.123658,0.217649
0.125496,0.221282
0.123097,0.217629
0.125048,0.219785
0.134978,0.228539
0.125750,0.220938
0.123842,0.219043
0.126795,0.223456
0.125172,0.219998
0.125883,0.221372
0.126209,0.221970
0.127588,0.222915
0.124355,0.221919
0.125152,0.220370
0.124044,0.219287
0.123949,0.219228
0.123871,0.219255
0.124642,0.219054
0.123741,0.218442
0.124471,0.219112
0.127987,0.227837
0.153368,0.248672
0.126530,0.221597
0.124636,0.219052
0.124093,0.218982
0.124739,0.219392
0.123654,0.217594
0.125477,0.219786
0.126592,0.221643
0.134755,0.228412
0.124501,0.219993
0.122951,0.217306
0.123937,0.219811
0.125090,0.218826
0.123987,0.218592
0.124295,0.217758
0.123539,0.218158
0.129347,0.229173
0.124997,0.219650
0.127179,0.221764
0.124372,0.218059
0.125297,0.220119
0.124052,0.218337
0.125595,0.219566
0.125189,0.219512
0.124991,0.225718
0.123739,0.218143
0.125766,0.220265
0.125420,0.220413
0.124241,0.220450
0.127184,0.221478
0.124008,0.217785
0.125322,0.220479
0.123135,0.217723
0.134235,0.226597
0.124417,0.218682
0.125353,0.219287
0.124115,0.219046
0.127088,0.221520
0.124444,0.219529
0.123864,0.217810
0.125211,0.219429
0.124560,0.223792
0.157435,0.251498
0.124869,0.219471
0.127348,0.222280
0.125597,0.220175
0.126467,0.220734
0.125811,0.220990
0.124086,0.218607
0.127207,0.221588
0.131613,0.226540
0.123972,0.217626
0.126943,0.221287
0.123974,0.218051
0.127435,0.222075
0.125351,0.219538
0.124029,0.217987
0.123665,0.218698
0.130111,0.221885
0.128351,0.223307
0.124607,0.218665
0.126073,0.221458
0.126029,0.220432
0.126361,0.220087
0.126674,0.222072
0.123190,0.217729
0.126290,0.226273
0.123588,0.219304
0.123128,0.217376
0.124547,0.219093
0.127444,0.221908
0.123547,0.218167
0.123741,0.218270
0.124422,0.218821
0.125641,0.220462
0.134050,0.226633
0.126371,0.222667
0.123685,0.218395
0.126832,0.221376
0.125007,0.218557
0.125783,0.220279
0.123521,0.217919
0.126146,0.220529
0.124054,0.222299
0.157047,0.254783
0.123218,0.218478
0.122933,0.217439
0.123392,0.218075
0.125541,0.220509
0.130977,0.225728
0.124929,0.219704
0.126037,0.228183
0.123940,0.218570
0.126305,0.221150
0.124517,0.219892
0.124027,0.218966
0.124483,0.220266
0.122952,0.217997
0.125418,0.220068
0.125029,0.219351
0.133642,0.226228
0.124062,0.218943
0.126678,0.221845
0.123752,0.218200
0.124594,0.219994
0.124330,0.219554
0.126020,0.221091
0.124482,0.219016
0.124475,0.222894
0.124651,0.219109
0.126920,0.222662
0.123559,0.218586
0.126477,0.221017
0.125021,0.220001
0.124400,0.218984
0.128853,0.223596
0.124545,0.219036
0.132132,0.226286
0.123930,0.218190
0.124488,0.218906
0.125507,0.218853
0.124809,0.219201
0.123955,0.218697
0.123759,0.218031
0.123956,0.218641
0.129074,0.221448
0.155197,0.249983
0.123712,0.218331
0.126112,0.221211
0.123615,0.218188
0.126719,0.221866
0.123503,0.218046
0.125976,0.220698
0.124213,0.224891
0.124412,0.219325
0.124036,0.219262
0.126197,0.221906
0.123942,0.219325
0.123937,0.218388
0.124689,0.219463
0.125444,0.219644
0.126966,0.222758
0.134669,0.228473
0.126672,0.221903
0.124931,0.219902
0.125301,0.219142
0.124620,0.220629
0.124018,0.218734
0.126614,0.223210
0.125132,0.219425
0.125150,0.223377
0.125239,0.219379
0.124142,0.218901
0.124421,0.222379
0.127650,0.223497
0.125078,0.219286
0.126460,0.222111
0.123951,0.218573
0.127828,0.228994
0.124701,0.219985
0.125236,0.220242
0.124141,0.218302
0.125151,0.220055
0.124713,0.219294
0.123876,0.218878
0.124321,0.218928
0.124033,0.218161
0.135044,0.229169
0.153935,0.248342
0.128351,0.223306
0.125309,0.219625
0.124258,0.220455
0.123732,0.218879
0.124394,0.220818
0.124436,0.219612
0.125266,0.226763
0.124341,0.218536
0.125084,0.220115
0.124215,0.219383
0.125831,0.221421
0.124429,0.218981
0.123622,0.217837
0.125312,0.220114
0.124279,0.219286
0.132906,0.227595
0.124346,0.219723
0.125955,0.221299
0.125526,0.220888
0.125456,0.220314
0.124667,0.218946
0.125017,0.220286
0.124854,0.219131
0.130350,0.222886
0.123809,0.219272
0.123064,0.217991
0.124721,0.221454
0.124200,0.218802
0.127559,0.223126
0.123869,0.219115
0.126108,0.221764
0.124247,0.222893
0.125837,0.221788
0.124728,0.219430
0.123309,0.218146
0.124103,0.218027
0.124719,0.219344
0.123890,0.218439
0.124436,0.218600
0.124324,0.219734
0.135047,0.229399
0.157732,0.252387
0.124477,0.219578
0.126116,0.221475
0.123848,0.218507
0.125612,0.220036
0.125902,0.219942
0.123927,0.218055
0.127047,0.226164
0.125051,0.220597
0.123742,0.218416
0.123835,0.220044
0.123480,0.218937
0.125118,0.221302
0.124256,0.219829
0.124203,0.218887
0.124183,0.225244
0.124370,0.219691
0.126877,0.221979
0.124940,0.219480
0.126171,0.221719
0.124038,0.218354
0.125838,0.220999
0.125180,0.219625
0.126148,0.221162
0.132124,0.225010
0.127170,0.222089
0.123612,0.218744
0.126924,0.220640
0.126187,0.221192
0.124512,0.219747
0.126824,0.223358
0.124784,0.219675
0.126337,0.226569
0.127577,0.221987
0.126075,0.222246
0.124657,0.220795
0.124140,0.218626
0.123234,0.219042
0.123756,0.218331
0.124064,0.219205
0.125152,0.220130
0.130332,0.224684
0.154832,0.248643
0.126515,0.221210
0.124813,0.219930
0.125830,0.220910
0.125006,0.219748
0.124827,0.218954
0.124913,0.219314
0.134383,0.228066
0.124547,0.219075
0.125516,0.221331
0.124591,0.219487
0.125163,0.220261
0.123511,0.218012
0.124028,0.219501
0.128581,0.223597
0.123110,0.223027
0.128592,0.223788
0.122964,0.217480
0.126083,0.220984
0.124505,0.219292
0.123865,0.218660
0.125780,0.220185
0.124785,0.220277
0.124455,0.219318
0.134847,0.227678
0.123615,0.218178
0.124557,0.218464
0.125925,0.221550
0.122883,0.217504
0.126964,0.222092
0.122985,0.216599
0.125881,0.220664
0.122925,0.221262
0.125415,0.220358
0.123968,0.219147
0.126429,0.220882
0.124908,0.219742
0.124970,0.220059
0.125906,0.222049
0.124167,0.219394
0.127252,0.227486
0.126616,0.220995
0.157426,0.252287
0.124810,0.219795
0.123430,0.219319
0.124353,0.219600
0.124685,0.220430
0.124320,0.218368
0.126392,0.221037
0.133703,0.226168
0.126415,0.221799
0.123782,0.218846
0.126335,0.221529
0.125675,0.221602
0.124882,0.219460
0.126217,0.220866
0.124252,0.218455
0.125952,0.225818
0.124569,0.219457
0.126094,0.221318
0.125241,0.219992
0.128001,0.223324
0.123907,0.218844
0.124910,0.219985
0.124755,0.219066
0.123581,0.225490
0.124169,0.218901
0.124048,0.218619
0.124300,0.220241
0.124290,0.218571
0.126797,0.221994
0.124114,0.218630
0.126366,0.221468
0.123871,0.218206
0.137179,0.230246
0.124417,0.218953
0.125367,0.220066
0.124858,0.220148
0.126418,0.222565
0.123690,0.219330
0.123757,0.219039
0.124415,0.218987
0.124398,0.224121
0.126696,0.222471
0.154589,0.249371
0.125968,0.221078
0.124649,0.219560
0.126488,0.221264
0.125957,0.220934
0.124235,0.218248
0.125342,0.220211
0.131928,0.226990
0.124078,0.218684
0.127936,0.228124
0.126097,0.220596
0.124791,0.221494
0.124007,0.218877
0.124099,0.218191
0.124883,0.219303
0.124228,0.222667
0.127605,0.222914
0.124337,0.218978
0.126652,0.222191
0.123492,0.218286
0.126087,0.221947
0.124413,0.219376
0.126056,0.221017
0.126100,0.225758
0.124925,0.220780
0.124558,0.220004
0.126917,0.221321
0.124936,0.219807
0.125002,0.219588
0.125635,0.221487
0.124231,0.219487
0.127983,0.222609
0.131857,0.224792
0.126422,0.221172
0.124122,0.218815
0.124505,0.219528
0.124826,0.219905
0.124355,0.218882
0.124155,0.219146
0.124462,0.218891
0.124629,0.224493
0.126019,0.220019
0.159280,0.254891
0.124308,0.219648
0.126113,0.222042
0.124020,0.219306
0.124856,0.219223
0.124175,0.218577
0.124757,0.225764
0.124408,0.219024
0.126118,0.222438
0.124491,0.219019
0.126474,0.222257
0.125666,0.221115
0.127206,0.222392
0.124276,0.220114
0.123926,0.218116
0.133556,0.226774
0.124203,0.217970
0.127713,0.223257
0.124579,0.220246
0.126192,0.222463
0.124053,0.218175
0.125693,0.220634
0.125260,0.219925
0.125188,0.227796
0.124607,0.219147
0.125107,0.220469
0.125782,0.220678
0.125592,0.220257
0.124995,0.219638
0.126455,0.222663
0.129963,0.226209
0.124600,0.219295
0.133328,0.227986
0.122973,0.218257
0.127171,0.223285
0.124588,0.220705
0.124472,0.220586
0.124648,0.220261
0.124145,0.219500
0.124079,0.219885
0.123408,0.221966
0.125734,0.221668
0.154873,0.249534
0.126575,0.221447
0.124730,0.220407
0.126668,0.222446
0.124928,0.219357
0.126399,0.221471
0.123586,0.222743
0.126353,0.221496
0.124009,0.218673
0.124416,0.219340
0.126345,0.221106
