starttransfer,total
0.188221,0.294084
0.184542,0.297467
0.183859,0.291874
0.192105,0.302325
0.183992,0.291908
0.181804,0.291219
0.186140,0.293928
0.184705,0.294394
0.183568,0.293012
0.184644,0.300862
0.183503,0.292430
0.184059,0.292665
0.182786,0.291099
0.185141,0.296200
0.185354,0.293855
0.185443,0.294061
0.183813,0.291988
0.184749,0.293332
0.197555,0.305192
0.185216,0.293381
0.184746,0.292793
0.183913,0.292687
0.184795,0.293091
0.186396,0.295054
0.216773,0.323458
0.183214,0.292877
0.185299,0.298503
0.180699,0.288489
0.184378,0.294502
0.184495,0.293108
0.182904,0.292372
0.185045,0.294057
0.182428,0.291472
0.185447,0.295467
0.184433,0.294288
0.191626,0.298788
0.188777,0.298238
0.185746,0.294935
0.185184,0.293915
0.182949,0.291623
0.184475,0.293542
0.184331,0.292463
0.185140,0.293307
0.187093,0.300273
0.182353,0.290940
0.184633,0.295081
0.183975,0.291638
0.184668,0.293239
0.185455,0.294814
0.185046,0.293234
0.193221,0.301574
0.181557,0.293978
0.183796,0.291984
0.186829,0.296139
0.184747,0.293615
0.186050,0.294139
0.215601,0.320795
0.184197,0.292389
0.185730,0.295533
0.183827,0.292221
0.194223,0.299271
0.184083,0.292561
0.181449,0.289551
0.187815,0.295482
0.182773,0.291304
0.184339,0.292708
0.184688,0.293066
0.182455,0.290399
0.183181,0.296142
0.183979,0.293006
0.183868,0.292285
0.182556,0.291078
0.182312,0.290873
0.184925,0.293879
0.183883,0.292388
0.183974,0.292367
0.182607,0.290525
0.194769,0.304510
0.183120,0.292676
0.184113,0.298754
0.183070,0.290796
0.226083,0.377188
0.245693,0.414356
0.245913,0.412468
0.227931,0.383271
0.241753,0.350204
0.186376,0.294607
0.215150,0.320919
0.183179,0.291930
0.184164,0.293034
0.181701,0.289558
0.184394,0.292862
0.182312,0.290338
0.183076,0.295816
0.189339,0.298368
0.199140,0.307184
0.182554,0.290727
0.184228,0.291937
0.184836,0.294283
0.185922,0.295288
0.184888,0.296439
0.185032,0.293148
0.199411,0.306050
0.182993,0.292543
0.186984,0.296016
0.184493,0.293189
0.182855,0.291782
0.184626,0.292747
0.188543,0.296282
0.183184,0.292044
0.182712,0.296851
0.184508,0.293738
0.187223,0.295431
0.180947,0.291476
0.185265,0.294462
0.183714,0.292108
0.182400,0.290468
0.185365,0.293470
0.183791,0.297208
0.186628,0.295069
0.216541,0.322787
0.186298,0.295063
0.187918,0.297608
0.185065,0.295490
0.186283,0.295060
0.192645,0.301125
0.185027,0.294013
0.194246,0.299266
0.183753,0.291844
0.183692,0.293002
0.185208,0.293330
0.185810,0.293877
0.183522,0.291809
0.182317,0.291481
0.183500,0.292461
0.184317,0.297557
0.183137,0.292167
0.187108,0.295503
0.224650,0.374583
0.226462,0.376253
0.225376,0.373802
0.216014,0.353215
0.224633,0.371820
0.229245,0.377364
0.209303,0.316134
0.191865,0.299905
0.185178,0.293985
0.185920,0.294251
0.185377,0.293614
0.183931,0.292772
0.182583,0.291997
0.214486,0.320862
0.185723,0.297602
0.185616,0.294234
0.183352,0.292939
0.181916,0.290986
0.184574,0.292829
0.185087,0.293486
0.185181,0.293850
0.183755,0.292174
0.183570,0.296115
0.184870,0.292704
0.184391,0.292973
0.183898,0.291683
0.188347,0.298418
0.186213,0.295126
0.186729,0.295206
0.184302,0.292956
0.192385,0.300225
0.196145,0.301171
0.192768,0.301344
0.210276,0.318080
0.184677,0.293011
0.183776,0.291428
0.183473,0.292731
0.184959,0.293291
0.185033,0.293544
0.191429,0.303218
0.183912,0.291024
0.185811,0.293790
0.183764,0.293619
0.185173,0.294078
0.184284,0.293808
0.216030,0.321813
0.195416,0.301706
0.186505,0.295061
0.190246,0.298840
0.184378,0.293301
0.186183,0.294154
0.184294,0.292933
0.184722,0.293185
0.183091,0.291262
0.184493,0.293229
0.184193,0.292115
0.189134,0.295189
0.184373,0.293830
0.185488,0.294593
0.186535,0.295363
0.184779,0.292710
0.183763,0.291741
0.184996,0.294655
0.185133,0.294407
0.191571,0.306770
0.188321,0.300191
0.191095,0.302344
0.186369,0.297991
0.184143,0.293013
0.184553,0.294233
0.189097,0.300832
0.189630,0.302741
0.188898,0.299620
0.194715,0.300841
0.187850,0.296172
0.185044,0.294117
0.187722,0.295800
0.215516,0.321712
0.184575,0.299340
0.197636,0.305876
0.192147,0.300489
0.184476,0.296668
0.185415,0.293624
0.182419,0.290283
0.185740,0.293727
0.184122,0.292492
0.185190,0.292833
0.185129,0.293457
0.182064,0.290132
0.184424,0.297732
0.183754,0.292152
0.193173,0.300964
0.187982,0.294842
0.184063,0.292138
0.182537,0.290765
0.184802,0.295442
0.215160,0.320759
0.183467,0.291261
0.205336,0.312359
0.185932,0.294024
0.183937,0.292843
0.191708,0.299825
0.185146,0.293521
0.186295,0.295272
0.185395,0.294941
0.184094,0.292448
0.184975,0.297425
0.185127,0.293395
0.188033,0.295467
0.184595,0.293166
0.184097,0.292608
0.187227,0.295320
0.185250,0.293615
0.185951,0.295694
0.186417,0.294726
0.205639,0.314012
0.184021,0.292003
0.184019,0.292474
0.185858,0.294797
0.184539,0.292521
0.182866,0.292099
0.184078,0.292808
0.184659,0.291796
0.185069,0.296793
0.185559,0.294190
0.184521,0.293749
0.185538,0.293759
0.185193,0.293897
0.215417,0.320437
0.184500,0.292378
0.184302,0.293585
0.186597,0.299672
0.184169,0.292157
0.185523,0.293688
0.184852,0.292970
0.183802,0.292634
0.184831,0.293509
0.185916,0.294725
0.191500,0.300032
0.184109,0.292987
0.193044,0.298678
0.185599,0.293528
0.184119,0.291934
0.184479,0.293333
0.184093,0.292799
0.184749,0.292553
0.183791,0.291942
0.184010,0.292316
0.183393,0.296243
0.187701,0.296459
0.182184,0.291507
0.185596,0.293852
0.185501,0.293426
0.185109,0.292769
0.187812,0.297190
0.196308,0.308701
0.184307,0.294003
0.200239,0.305830
0.184641,0.293823
0.222686,0.333142
0.187440,0.296025
0.185722,0.295099
0.190845,0.299640
0.182596,0.291679
0.186060,0.299899
0.183313,0.295623
0.185703,0.296324
0.186686,0.296204
0.183578,0.293003
0.184875,0.295100
0.184895,0.294193
0.184290,0.294295
0.182500,0.291521
0.184632,0.298125
0.187230,0.297271
0.184318,0.294071
0.183413,0.292396
0.185668,0.294524
0.184709,0.294157
0.182084,0.292719
0.188906,0.297876
0.182021,0.290922
0.196357,0.300923
0.183482,0.292399
0.183555,0.294117
0.184622,0.293851
0.184616,0.293761
0.183565,0.292012
0.183443,0.291822
0.184963,0.295942
0.184456,0.298460
0.221723,0.328174
0.183797,0.292137
0.193457,0.301904
0.183897,0.294356
0.186102,0.294839
0.182815,0.291352
0.185884,0.294803
0.183956,0.293044
0.201659,0.311893
0.182980,0.293034
0.183162,0.292238
0.185697,0.294802
0.195549,0.303605
0.184307,0.294838
0.184102,0.293345
0.184752,0.293552
0.185100,0.297552
0.184819,0.292794
0.183579,0.294511
0.187835,0.296446
0.182112,0.291672
0.184650,0.293906
0.191945,0.306643
0.192251,0.308374
0.191354,0.309796
0.200637,0.322071
0.200616,0.326121
0.183811,0.292818
0.182743,0.291185
0.182259,0.292208
0.183569,0.292211
0.181933,0.293374
0.238643,0.344711
0.196983,0.305321
0.183263,0.294006
0.186139,0.295610
0.186380,0.294781
0.184312,0.293485
0.182792,0.291704
0.183901,0.293790
0.185680,0.294160
0.182418,0.296711
0.184433,0.293487
0.184403,0.292464
0.183456,0.293786
0.182200,0.290402
0.184295,0.293298
0.187772,0.296697
0.192441,0.299099
0.184433,0.295942
0.186632,0.295517
0.184393,0.294070
0.184312,0.293777
0.197705,0.305869
0.184319,0.295258
0.184577,0.293696
0.185724,0.294701
0.185714,0.294657
0.189416,0.296205
0.185038,0.296084
0.183524,0.293008
0.185316,0.294133
0.185356,0.294061
0.185193,0.294472
0.214930,0.322178
0.185682,0.295018
0.182377,0.295055
0.184193,0.293086
0.186319,0.295424
0.185309,0.295419
0.183328,0.291726
0.183447,0.293035
0.184886,0.294540
0.185969,0.295149
0.184077,0.294239
0.197011,0.302352
0.183820,0.293742
0.185825,0.294893
0.184933,0.293202
0.182796,0.292492
0.184830,0.293908
0.183126,0.292663
0.185281,0.294240
0.188630,0.300069
0.183030,0.294460
0.184667,0.293057
0.183344,0.293632
0.186285,0.295854
0.186024,0.294372
0.183486,0.294939
0.186004,0.296018
0.189711,0.300378
0.194356,0.303775
0.184004,0.293622
0.186204,0.297806
0.208449,0.318261
0.216540,0.322791
0.184298,0.293464
0.185139,0.294030
0.186001,0.296471
0.183883,0.298481
0.184303,0.293935
0.185207,0.294430
0.184027,0.293606
0.184522,0.296005
0.188645,0.299186
0.182826,0.291975
0.183131,0.291910
0.188005,0.301223
0.184801,0.295797
0.186745,0.296188
0.183693,0.292972
0.185468,0.293743
0.187394,0.296542
0.184338,0.294028
0.185009,0.293474
0.184026,0.293725
0.195816,0.302308
0.183968,0.293976
0.185583,0.296098
0.187629,0.296581
0.182967,0.292078
0.184949,0.294799
0.184889,0.294086
0.183772,0.294084
0.183926,0.296608
0.184558,0.293715
0.194635,0.300916
0.214764,0.320816
0.185507,0.296458
0.187495,0.297021
0.184600,0.293844
0.184786,0.293593
0.184932,0.294333
0.191005,0.299864
0.932098,1.872950
0.751319,1.455740
0.748669,1.473047
0.552883,1.045987
0.559443,1.050177
0.995263,1.962882
0.749242,1.264952
0.190559,0.301262
0.189560,0.302298
0.190545,0.303545
0.188063,0.298301
0.188126,0.299995
0.192436,0.300928
0.187499,0.298312
0.185900,0.295002
0.208178,0.316254
0.184223,0.294977
0.174951,0.281703
0.173094,0.282682
0.174088,0.279531
0.174542,0.280495
0.175222,0.281801
0.178177,0.283746
0.173634,0.282854
0.172601,0.279248
0.175047,0.281514
0.177335,0.283349
0.171737,0.277533
0.173335,0.279669
0.177519,0.283347
0.178970,0.286304
0.173748,0.284829
0.204526,0.309654
0.175476,0.281215
0.177535,0.283964
0.175996,0.283087
0.176439,0.282850
0.174616,0.280990
0.174713,0.280305
0.174323,0.280299
0.187135,0.291342
0.177159,0.283842
0.175481,0.280947
0.175598,0.281020
0.175478,0.281228
0.174838,0.280387
0.174861,0.281623
0.174991,0.280179
0.175228,0.284876
0.175754,0.282155
0.175606,0.282019
0.173747,0.280632
0.175269,0.280369
0.182620,0.288313
0.181272,0.287687
0.175792,0.280982
0.174066,0.278918
0.185322,0.289443
0.175250,0.280349
0.177136,0.284872
0.175298,0.281666
0.173885,0.279807
0.174410,0.280549
0.174279,0.282397
0.175753,0.281899
0.173483,0.282149
0.205062,0.311529
0.176404,0.282002
0.175031,0.280685
0.176409,0.283381
0.182662,0.295951
0.172807,0.296049
0.184013,0.293792
0.188832,0.303368
0.182421,0.290653
0.208678,0.319544
0.179266,0.285612
0.175033,0.280492
0.180647,0.287168
0.177174,0.286923
0.175915,0.282190
0.174490,0.280677
0.188351,0.292334
0.179084,0.285181
0.179405,0.286977
0.177031,0.284427
0.174305,0.282322
0.177663,0.284348
0.179287,0.284972
0.177259,0.284682
0.173779,0.295135
0.173617,0.283385
0.253841,0.441068
0.271557,0.458601
0.280101,0.466814
0.254338,0.431282
0.273248,0.469075
0.299488,0.483351
0.260696,0.443786
0.191103,0.300921
0.197579,0.309147
0.183666,0.292756
0.183347,0.293761
0.185376,0.294158
0.185559,0.295470
0.184314,0.295336
0.186237,0.296608
0.193857,0.301487
0.185491,0.294560
0.185132,0.293980
0.187166,0.297401
0.191671,0.297980
0.186260,0.295064
0.184269,0.293763
0.185660,0.294639
0.184677,0.299450
0.188504,0.297112
0.184674,0.293572
0.189051,0.297854
0.207451,0.315822
0.182917,0.293557
0.197842,0.307721
0.184922,0.294185
0.186890,0.296156
0.201304,0.308350
0.182536,0.293195
0.184744,0.293315
0.185370,0.294383
0.183702,0.293407
0.217965,0.324942
0.180629,0.292691
0.184462,0.294556
0.185475,0.299464
0.184812,0.293688
0.183725,0.293812
0.185400,0.295675
0.183878,0.293121
0.187105,0.296686
0.186987,0.295581
0.184771,0.293858
0.196054,0.306299
0.186473,0.294671
0.183842,0.293169
0.185628,0.295967
0.183832,0.292705
0.184786,0.296663
0.183175,0.292979
0.184730,0.293510
0.183781,0.292287
0.192444,0.299227
0.197034,0.307820
0.182448,0.291496
0.183673,0.292645
0.185958,0.295732
0.185476,0.294748
0.185127,0.296170
0.183461,0.291984
0.185818,0.300894
0.187347,0.296219
0.182610,0.291906
0.183602,0.294464
0.219622,0.326383
0.185834,0.297335
0.183156,0.292202
0.184337,0.293652
0.182747,0.293117
0.198068,0.304195
0.191979,0.299518
0.185963,0.295559
0.184262,0.293761
0.184445,0.296416
0.183980,0.293579
0.186488,0.295658
0.186334,0.293962
0.182835,0.295654
0.185715,0.296568
0.184849,0.294800
0.184321,0.294363
0.185741,0.294189
0.184441,0.294455
0.184762,0.295339
0.192495,0.301488
0.182475,0.296258
0.183189,0.292387
0.183889,0.294378
0.185063,0.296433
0.183421,0.293147
0.183881,0.295270
0.185555,0.294611
0.183719,0.292276
0.184411,0.294585
0.197015,0.301349
0.184212,0.292229
0.216318,0.322330
0.182838,0.291954
0.183857,0.293975
0.184750,0.293708
0.183505,0.292409
0.183132,0.292108
0.184429,0.299002
0.183637,0.293498
0.184073,0.292750
0.184310,0.293758
0.184903,0.293593
0.183243,0.291396
0.368377,0.666765
0.352750,0.637409
0.347194,0.617374
0.257296,0.390386
0.477841,0.897767
0.184973,0.294489
0.186441,0.295230
0.185636,0.294383
0.211902,0.345581
0.479154,0.906893
0.184311,0.293578
0.197603,0.306527
0.183120,0.292006
0.183415,0.291559
0.215857,0.322296
0.184730,0.293498
0.184064,0.294959
0.181764,0.291684
0.181501,0.289644
0.181435,0.294130
0.186396,0.295327
0.184581,0.293305
0.185546,0.295140
0.183089,0.290739
0.181987,0.291547
0.186351,0.295922
0.191433,0.300880
0.184983,0.294829
0.211820,0.319299
0.183835,0.292499
0.186119,0.295166
0.184094,0.292576
0.183846,0.294078
0.183610,0.292026
0.181964,0.290726
0.185323,0.293976
0.183399,0.296919
0.185614,0.295050
0.184143,0.294243
0.182487,0.296959
0.198510,0.306295
0.184934,0.292968
0.185590,0.294997
0.183426,0.292284
0.184900,0.298224
0.185485,0.294393
0.215356,0.321003
0.186543,0.296537
0.183582,0.292513
0.183051,0.291706
0.189932,0.298865
0.189421,0.300236
0.185365,0.294379
0.199972,0.307784
0.184273,0.291944
0.186175,0.296009
0.184510,0.292546
0.185404,0.294529
0.182881,0.291544
0.182663,0.291239
0.184296,0.293801
0.184164,0.298100
0.185258,0.295011
0.185105,0.294016
0.190063,0.298836
0.185069,0.294054
0.185363,0.295152
0.185352,0.293921
0.183607,0.291750
0.183799,0.292536
0.193408,0.302591
0.183997,0.294350
0.184246,0.294045
0.193089,0.301354
0.190699,0.299073
0.185764,0.294710
0.182732,0.291726
0.185030,0.295053
0.215422,0.326719
0.183514,0.292046
0.199623,0.307060
0.185508,0.295114
0.184676,0.293586
0.200055,0.308525
0.183773,0.292142
0.185316,0.294538
0.185119,0.299830
0.185461,0.294969
0.184855,0.294471
0.182463,0.291420
0.185628,0.294044
0.185231,0.293874
0.196550,0.305503
0.183459,0.291847
0.182909,0.292367
0.201326,0.314985
0.195221,0.304048
0.184542,0.293859
0.183826,0.291601
0.183857,0.292096
0.185656,0.294686
0.187844,0.295989
0.185715,0.295769
0.183026,0.295652
0.183198,0.292017
0.183085,0.291835
0.182970,0.293100
0.183266,0.292820
0.184593,0.293327
0.185831,0.293615
0.216157,0.324450
0.184356,0.293772
0.194775,0.304068
0.183563,0.292163
0.184123,0.292790
0.186488,0.295187
0.186860,0.295905
0.184694,0.293473
0.183883,0.292745
0.184056,0.292910
0.183950,0.297498
0.184324,0.293362
0.183808,0.292917
0.183462,0.292987
0.182594,0.291313
0.183152,0.292027
0.185457,0.294792
0.184320,0.292861
0.184046,0.297573
0.183459,0.292875
0.183922,0.292778
0.189901,0.299202
0.184576,0.294065
0.183998,0.292154
0.189658,0.300926
0.194188,0.304298
0.185455,0.295910
0.197977,0.308034
0.186114,0.295253
0.185884,0.294795
0.186735,0.296010
0.186566,0.296373
0.220329,0.327483
0.184957,0.294991
0.184987,0.294314
0.186334,0.300939
0.184397,0.293611
0.185549,0.296232
0.194382,0.303533
0.184696,0.293922
0.183535,0.293512
0.186132,0.294850
0.185505,0.294769
0.185081,0.294346
0.197082,0.303474
0.187351,0.297510
0.185571,0.294935
0.183753,0.294390
0.189556,0.297964
0.187336,0.296044
0.187387,0.296608
0.186554,0.297340
0.185093,0.299817
0.186084,0.295309
0.184782,0.294236
0.185663,0.297273
0.185568,0.295249
0.186180,0.296364
0.186441,0.295722
0.187104,0.294878
0.182484,0.297487
0.190896,0.299790
0.187041,0.297349
0.184557,0.293878
0.215773,0.322925
2.064061,4.018373
2.085497,4.063193
2.106082,4.058961
1.857105,1.967662
2.032130,3.965624
0.187110,0.297727
0.184414,0.295837
0.184158,0.293501
0.220269,0.330815
2.045470,3.971273
0.186507,0.296077
0.196937,0.305295
0.185671,0.300320
0.188091,0.297552
0.186225,0.298352
0.189383,0.299107
0.185870,0.297425
0.184351,0.295221
0.186138,0.295640
0.187772,0.301613
0.184877,0.294288
0.190941,0.301742
0.185126,0.294297
0.184141,0.294527
0.186352,0.296839
0.184204,0.294079
0.183379,0.294463
0.186253,0.306181
0.185400,0.295009
0.215605,0.322615
0.184611,0.294093
0.186473,0.297755
0.183979,0.293458
0.186779,0.296273
0.183276,0.292881
0.183540,0.292661
0.200503,0.310256
0.184350,0.294235
0.185090,0.293668
0.185483,0.295187
0.185189,0.295163
0.184694,0.296967
0.184410,0.293665
0.185532,0.295052
0.198797,0.312564
0.182948,0.292363
0.185770,0.297187
0.185655,0.295657
0.185358,0.294713
0.184155,0.293244
0.185553,0.295137
0.184746,0.296231
0.185477,0.295237
0.201289,0.308854
0.184411,0.294348
0.184003,0.293419
0.185544,0.297473
0.184126,0.294176
0.185347,0.293909
0.204450,0.314358
0.186626,0.296376
0.216823,0.329121
0.183542,0.294267
0.185373,0.295098
0.184770,0.295311
0.186535,0.296504
0.184462,0.296325
0.183023,0.293184
0.184430,0.294255
0.185976,0.301487
0.191433,0.300839
0.183487,0.294961
0.183832,0.292922
0.184412,0.293625
0.186981,0.296567
0.184969,0.294654
0.185596,0.296042
0.184460,0.293862
0.194357,0.301326
0.186296,0.295827
0.186652,0.296617
0.185949,0.297087
0.184208,0.293700
0.183702,0.293200
0.185546,0.296805
0.185252,0.294152
0.185464,0.301848
0.185752,0.295847
0.187702,0.299766
0.188088,0.299346
0.184821,0.294335
0.183994,0.293800
0.183338,0.293629
0.217881,0.331141
0.188839,0.304632
0.199695,0.306966
0.187447,0.299492
0.184057,0.299479
0.193251,0.300544
0.209258,0.322183
0.186226,0.300254
0.184563,0.294753
0.206332,0.323488
0.185030,0.298986
0.196697,0.306377
0.215505,0.331850
0.185382,0.295936
0.192754,0.300742
0.184433,0.298602
0.186474,0.296529
0.191948,0.303084
0.185146,0.302129
0.186026,0.296834
0.190377,0.299794
0.186027,0.295224
0.188199,0.299001
0.193342,0.304624
0.183600,0.293090
0.185572,0.297186
0.183769,0.293614
0.196751,0.305174
0.194650,0.305357
0.187446,0.298324
0.183374,0.293345
0.184465,0.293944
0.215359,0.322477
0.185741,0.297996
0.184690,0.295204
0.184563,0.299768
0.184247,0.293582
0.185586,0.294052
0.185392,0.304429
0.192677,0.302473
0.183863,0.294958
0.190388,0.299496
0.182742,0.292987
0.186013,0.297138
0.195834,0.306693
0.193745,0.303909
0.186437,0.294923
0.185397,0.294288
0.184879,0.296034
0.184135,0.293906
0.186543,0.296441
0.184182,0.293523
0.185667,0.299092
0.185469,0.295118
0.218202,0.325394
0.184733,0.295115
0.184548,0.294583
0.184586,0.294161
0.186043,0.296542
0.186201,0.296491
0.186579,0.302146
0.187467,0.296691
0.183576,0.293855
