starttransfer,total
0.215269,0.311658
0.218467,0.316049
0.209268,0.305349
0.201024,0.298481
0.207901,0.303888
0.209603,0.306284
0.207947,0.304685
0.218058,0.314742
0.200759,0.297466
0.209673,0.306221
0.204789,0.300803
0.207387,0.303703
0.205009,0.301668
0.205749,0.301709
0.207109,0.303373
0.200770,0.296954
0.199026,0.296045
0.210304,0.307867
0.209318,0.306274
0.199899,0.296368
0.234171,0.330594
0.216593,0.311357
0.209541,0.306210
0.202305,0.298386
0.242974,0.337656
0.202371,0.298800
0.198407,0.294244
0.206830,0.303956
0.212866,0.309109
0.200937,0.298809
0.200770,0.296884
0.210839,0.308083
0.208124,0.303527
0.223800,0.321494
0.204870,0.301335
0.217077,0.311894
0.201048,0.298059
0.205307,0.301228
0.208259,0.306629
0.200250,0.297101
0.207880,0.304258
0.203065,0.299889
0.215773,0.311399
0.218673,0.316074
0.220827,0.318787
0.204599,0.300964
0.196798,0.294859
0.200934,0.297518
0.210773,0.308081
0.217960,0.313362
0.209869,0.306966
0.204701,0.300910
0.208195,0.305312
0.210887,0.308020
0.209615,0.306210
0.202284,0.298312
0.247925,0.342905
0.208853,0.305617
0.210827,0.307496
0.206960,0.304296
0.208832,0.305202
0.208519,0.304367
0.197921,0.294171
0.217280,0.312962
0.199962,0.297143
0.210714,0.307997
0.210320,0.307061
0.225543,0.323896
0.199989,0.295072
0.209719,0.306182
0.206194,0.302489
0.210764,0.307963
0.209197,0.305455
0.206065,0.303338
0.207884,0.305683
0.207420,0.303934
0.207105,0.301841
0.214880,0.310464
0.204522,0.300789
0.209035,0.305902
0.206657,0.304840
0.204229,0.298976
0.200598,0.298533
0.198528,0.295573
0.207236,0.302427
0.210817,0.307494
0.200037,0.297628
0.210410,0.308077
0.240724,0.336371
0.206621,0.302820
0.203613,0.300957
0.214586,0.310635
0.208394,0.305076
0.207572,0.304124
0.201960,0.298785
0.207758,0.305199
0.207379,0.303376
0.209488,0.305985
0.210206,0.305766
0.203644,0.300551
0.205105,0.302901
0.202217,0.298458
0.211010,0.309197
0.210849,0.307653
0.202503,0.298993
0.214190,0.310721
0.205863,0.301980
0.207668,0.303655
0.198780,0.294779
0.204853,0.301427
0.199196,0.295774
0.198570,0.295487
0.205991,0.301155
0.201937,0.296463
0.207290,0.304573
0.198707,0.295870
0.206877,0.304607
0.209069,0.305456
0.200229,0.297043
0.217114,0.311923
0.241220,0.337112
0.203710,0.300787
0.213170,0.309581
0.209448,0.305527
0.207698,0.304335
0.210584,0.308675
0.208075,0.305174
0.201660,0.298792
0.211216,0.309282
0.205875,0.303428
0.210111,0.307223
0.210383,0.309239
0.201661,0.299403
0.208560,0.304466
0.209401,0.306610
0.200892,0.296702
0.209558,0.306163
0.209373,0.305528
0.201165,0.297185
0.206977,0.303198
0.213827,0.309276
0.199663,0.296092
0.208965,0.305301
0.199474,0.294513
0.206527,0.302826
0.210961,0.307402
0.198798,0.297246
0.214539,0.309963
0.209553,0.307045
0.208290,0.304776
0.201999,0.298076
0.211037,0.308365
0.246125,0.340443
0.204046,0.300660
0.218245,0.314242
0.207285,0.303554
0.209127,0.306291
0.208074,0.304897
0.206700,0.303259
0.199678,0.295945
0.200878,0.298863
0.216623,0.312430
0.207244,0.303304
0.205786,0.301552
0.199585,0.296895
0.208718,0.305019
0.204971,0.302927
0.209921,0.307433
0.209309,0.305458
0.209987,0.306743
0.202123,0.298686
0.204997,0.302215
0.209061,0.306556
0.202017,0.298247
0.207578,0.304864
0.210630,0.306556
0.208640,0.306709
0.199649,0.294364
0.208983,0.305509
0.199400,0.296429
0.208411,0.304917
0.209711,0.307150
0.217456,0.313235
0.209149,0.306300
0.233975,0.328881
0.202569,0.298016
0.210374,0.306468
0.208782,0.308075
0.209836,0.306330
0.207915,0.302402
0.202547,0.299841
0.214441,0.311554
0.208525,0.306201
0.208545,0.305240
0.210280,0.306866
0.202484,0.301521
0.217093,0.311856
0.208027,0.304654
0.200925,0.298732
0.207934,0.304389
0.207455,0.304325
0.208443,0.304336
0.207493,0.304871
0.218147,0.313421
0.207297,0.302759
0.204710,0.301496
0.201089,0.297305
0.200514,0.297125
0.200616,0.294968
0.206690,0.303034
0.203852,0.297988
0.208200,0.303616
0.209262,0.306322
0.212957,0.310219
0.209038,0.305448
0.199826,0.296798
0.239365,0.333328
0.213014,0.309136
0.207727,0.303982
0.209220,0.305922
0.198242,0.294339
0.207940,0.304049
0.207359,0.303404
0.208320,0.305042
0.215623,0.310288
0.210391,0.307335
0.203017,0.299601
0.205496,0.302784
0.201338,0.298833
0.202574,0.298318
0.208365,0.306622
0.208265,0.303601
0.208226,0.305776
0.208106,0.304349
0.200356,0.297409
0.211206,0.308975
0.202879,0.298810
0.215428,0.311765
0.209328,0.304790
0.199986,0.295998
0.223770,0.320444
0.200135,0.297053
0.205806,0.302257
0.208351,0.305712
0.204183,0.301047
0.217920,0.313781
0.209608,0.305756
0.209447,0.307040
0.238544,0.333198
0.211372,0.307977
0.198674,0.295140
0.210020,0.306980
0.205817,0.302029
0.206128,0.302603
0.208173,0.304813
0.209378,0.306157
0.200295,0.298062
0.209619,0.307352
0.200163,0.296468
0.208941,0.304495
0.213190,0.310064
0.210261,0.307702
0.210860,0.308913
0.214183,0.311580
0.213160,0.309827
0.209957,0.308802
0.208932,0.304151
0.200396,0.296849
0.205928,0.302831
0.208266,0.306310
0.209706,0.306235
0.202116,0.298849
0.208443,0.304303
0.212300,0.308349
0.198904,0.294803
0.206443,0.302672
0.200308,0.295653
0.208870,0.304446
0.200000,0.298796
0.204259,0.300660
0.248911,0.342955
0.210710,0.306622
0.207522,0.305818
0.206199,0.301839
0.202218,0.298447
0.208371,0.303861
0.204900,0.301260
0.217152,0.312138
0.207916,0.304024
0.208892,0.305127
0.202687,0.299699
0.208871,0.304769
0.206906,0.302788
0.209720,0.306872
0.207840,0.304092
0.207100,0.303852
0.208472,0.305461
0.199679,0.296597
0.202106,0.298415
0.202407,0.299391
0.208409,0.304786
0.215586,0.310313
0.207091,0.302719
0.198193,0.294603
0.209336,0.305891
0.208922,0.305219
0.201604,0.297385
0.201413,0.297288
0.213919,0.309020
0.208575,0.304480
0.209647,0.307071
0.210198,0.306189
0.233287,0.328914
0.208539,0.304785
0.201879,0.299349
0.217855,0.313740
0.209015,0.305048
0.204830,0.301045
0.198736,0.296168
0.200863,0.296027
0.207211,0.303833
0.211777,0.307929
0.216842,0.312348
0.201166,0.295781
0.210762,0.308203
0.206734,0.304296
0.207951,0.303697
0.201090,0.297571
0.198846,0.295058
0.218626,0.313693
0.202615,0.299762
0.208708,0.305154
0.209733,0.306766
0.204506,0.301400
0.209681,0.306056
0.201821,0.298561
0.214638,0.310797
0.207952,0.304223
0.205890,0.302418
0.209545,0.306025
0.201058,0.298898
0.199468,0.296624
0.203580,0.299914
0.216129,0.311447
0.239147,0.334776
0.206996,0.304072
0.203206,0.299970
0.198161,0.295106
0.205850,0.302010
0.201143,0.297991
0.214135,0.310500
0.205473,0.302245
0.206835,0.303003
0.207902,0.304609
0.217216,0.313021
0.232953,0.330421
0.208222,0.304939
0.215846,0.310631
0.208472,0.305788
0.201266,0.298028
0.208165,0.304994
0.231371,0.326179
0.209373,0.306119
0.208028,0.303692
0.208835,0.303642
0.209446,0.305940
0.214368,0.311629
0.207996,0.305558
0.206712,0.304753
0.208515,0.305784
0.208214,0.304780
0.212539,0.308757
0.205565,0.301032
0.207984,0.304275
0.207862,0.304853
0.202922,0.299952
0.210075,0.306396
0.205272,0.301662
0.217531,0.312776
0.204632,0.301011
0.211059,0.307219
0.205935,0.302510
0.209056,0.304729
0.208029,0.304495
0.209442,0.306281
0.215708,0.311189
0.210617,0.306841
0.208534,0.304527
0.200579,0.296993
0.207595,0.304674
0.209733,0.306038
0.209283,0.307618
0.240960,0.335028
0.205925,0.302472
0.205122,0.301814
0.208962,0.304954
0.210279,0.307265
0.208063,0.304123
0.198814,0.294108
0.205684,0.301238
0.213725,0.310596
0.201264,0.296223
0.199662,0.296386
0.208972,0.305795
0.214324,0.311505
0.209420,0.306208
0.211371,0.307185
0.206161,0.302973
0.210693,0.306937
0.205086,0.301820
0.206883,0.304043
0.198474,0.294447
0.210431,0.306737
0.213658,0.309691
0.209187,0.305055
0.210355,0.306804
0.199676,0.296033
0.211174,0.308300
0.207591,0.305238
0.199393,0.295592
0.213688,0.309109
0.206444,0.302772
0.208014,0.309451
0.201053,0.297826
0.232334,0.327728
0.207800,0.304547
0.208402,0.304363
0.208834,0.304383
0.208122,0.305216
0.211218,0.307044
0.207715,0.304007
0.207856,0.304007
0.205103,0.300899
0.201067,0.297613
0.217839,0.312887
0.207128,0.304307
0.203179,0.300135
0.202963,0.299677
0.207680,0.303588
0.208461,0.305737
0.207441,0.302896
0.215721,0.311440
0.209226,0.305657
0.205259,0.301689
0.199241,0.296251
0.199366,0.295942
0.203529,0.300507
0.212578,0.307410
0.218695,0.314379
0.209066,0.305332
0.198184,0.295075
0.200047,0.297563
0.210473,0.307472
0.209908,0.308347
0.208297,0.305444
0.223672,0.317282
0.238689,0.334169
0.209512,0.305235
0.208947,0.305383
0.202101,0.298138
0.207747,0.303784
0.201773,0.296701
0.219143,0.313445
0.201066,0.298034
0.207187,0.303745
0.207965,0.304037
0.208993,0.304886
0.207758,0.304770
0.208871,0.305532
0.209066,0.305495
0.208590,0.305050
0.198199,0.294843
0.200944,0.296997
0.211933,0.308871
0.206566,0.302755
0.203628,0.299667
0.218852,0.311909
0.209384,0.305410
0.210375,0.307231
0.213382,0.309886
0.209958,0.307262
0.210533,0.306951
0.206474,0.303451
0.221621,0.317618
0.222627,0.320053
0.208875,0.304553
0.208614,0.304793
0.209252,0.305885
0.242150,0.336740
0.199620,0.294932
0.214952,0.309296
0.202492,0.299289
0.200410,0.297936
0.209190,0.306448
0.227105,0.323423
0.209206,0.305597
0.208560,0.304951
0.208107,0.303147
0.200090,0.296432
0.201735,0.298581
0.208266,0.305441
0.206331,0.303148
0.208925,0.304876
0.209265,0.304614
0.219452,0.314607
0.209581,0.306548
0.202889,0.299357
0.221430,0.334666
0.253440,0.369498
0.225810,0.342929
0.220471,0.314948
0.228289,0.345702
0.199899,0.296352
0.211720,0.309121
0.201610,0.298059
0.202153,0.298745
0.228601,0.340631
0.211042,0.307663
0.208944,0.304843
0.238898,0.333293
0.201853,0.298134
0.209879,0.306382
0.200511,0.296880
0.206616,0.307852
0.208514,0.305501
0.199155,0.295302
0.207998,0.304841
0.210626,0.307033
0.202095,0.298725
0.198383,0.293649
0.199775,0.302636
0.206969,0.303943
0.208324,0.304898
0.204846,0.301871
0.207341,0.303163
0.199321,0.299030
0.207891,0.303867
0.209425,0.311150
0.210920,0.308536
0.207570,0.305891
0.208224,0.304174
0.211431,0.308229
0.207017,0.303804
0.208311,0.304574
0.208757,0.310289
0.204102,0.300322
0.209195,0.305543
0.207834,0.304775
0.210115,0.306753
0.209580,0.306254
0.202236,0.299324
0.241833,0.341506
0.209072,0.306769
0.203005,0.299484
0.204906,0.301127
0.200747,0.297604
0.198394,0.294804
0.201223,0.298969
0.209478,0.310830
0.208687,0.305516
0.204866,0.301615
0.202267,0.299157
0.199751,0.297040
0.202103,0.297665
0.208691,0.305761
0.202416,0.305481
0.206354,0.302339
0.206802,0.304458
0.206744,0.302969
0.206539,0.303040
0.199976,0.296458
0.209828,0.306424
0.209020,0.310664
0.206968,0.303844
0.208496,0.305752
0.198413,0.294807
0.209089,0.305611
0.200162,0.295407
0.208449,0.304619
0.213524,0.316601
0.207602,0.304485
0.202522,0.300198
0.204899,0.301353
0.242145,0.338464
0.209012,0.308370
0.200816,0.297595
0.208905,0.311428
0.211094,0.310107
0.214921,0.313820
0.202915,0.299535
0.210596,0.307746
0.211397,0.309043
0.210021,0.308470
0.210079,0.315656
0.198533,0.294733
0.208483,0.305055
0.209793,0.306723
0.209127,0.305895
0.207886,0.304725
0.201093,0.296924
0.201855,0.304150
0.211083,0.307173
0.208809,0.305349
0.210274,0.307795
0.210280,0.308521
0.209242,0.306690
0.208631,0.306660
0.199791,0.302142
0.200072,0.296438
0.206198,0.302661
0.199946,0.296010
0.208313,0.304282
0.208985,0.306129
0.210906,0.307154
0.209618,0.310949
0.242488,0.337187
0.200979,0.296243
0.201209,0.298766
0.204584,0.302285
0.208947,0.307555
0.198217,0.294794
0.205030,0.306321
0.200522,0.296903
0.201833,0.299459
0.209336,0.306236
0.204458,0.301229
0.209296,0.305456
0.211009,0.309006
0.223947,0.327043
0.197495,0.295672
0.210760,0.307451
0.210766,0.307335
0.208066,0.304427
0.220044,0.315834
0.200128,0.297358
0.210886,0.311297
0.199565,0.297187
0.206350,0.303463
0.212931,0.313861
0.208872,0.305366
0.208479,0.304935
0.204045,0.301028
0.206604,0.310421
0.209758,0.305973
0.208207,0.304632
0.201966,0.297799
0.201142,0.298086
0.230243,0.324798
0.200704,0.297038
0.202086,0.297368
0.204649,0.301175
0.201242,0.299008
0.201024,0.298537
0.207679,0.303667
0.204796,0.305836
0.205622,0.302653
0.209739,0.312040
0.215685,0.317409
0.211319,0.310081
0.208396,0.305290
0.208392,0.308295
0.206647,0.311175
0.206725,0.303446
0.210743,0.308472
0.214602,0.310893
0.209454,0.306228
0.199041,0.297847
0.202903,0.300049
0.207009,0.304455
0.208771,0.307386
0.205329,0.302730
0.212982,0.309740
0.199043,0.296015
0.201014,0.297348
0.208256,0.304851
0.206260,0.302100
0.206275,0.303807
0.209609,0.306295
0.214692,0.310790
0.260543,0.356176
0.208009,0.304427
0.206213,0.302795
0.200585,0.297118
0.198261,0.295167
0.204244,0.301364
0.211951,0.307749
0.206469,0.303363
0.209654,0.306285
0.207471,0.304279
0.208611,0.305606
0.209741,0.307707
0.201800,0.298281
0.215526,0.312378
0.206974,0.303544
0.211137,0.308008
0.209761,0.306381
0.207301,0.304204
0.208345,0.304827
0.208552,0.304764
0.208888,0.304653
0.212776,0.307629
0.198475,0.294203
0.208234,0.305031
0.200181,0.297896
0.200413,0.297675
0.209337,0.306537
0.218412,0.313751
0.208476,0.305580
0.202094,0.299478
0.198125,0.294720
0.208887,0.305882
0.239784,0.334173
0.208614,0.305549
0.212448,0.308673
0.209360,0.306046
0.207606,0.304363
0.208210,0.304649
0.204176,0.300999
0.205778,0.301902
0.209144,0.307281
0.205815,0.301357
0.207061,0.303821
0.201083,0.297743
0.204919,0.301826
0.208829,0.305046
0.202612,0.300715
0.200485,0.297479
0.218027,0.313882
0.207934,0.304964
0.204002,0.303083
0.207694,0.304655
0.209884,0.306315
0.202821,0.300356
0.209160,0.305658
0.204594,0.300798
0.201570,0.297864
0.208354,0.304423
0.207241,0.303834
0.207987,0.304210
0.208254,0.305122
0.207173,0.303731
0.217697,0.312538
0.196967,0.293666
0.238295,0.333197
0.201357,0.299000
0.209763,0.306339
0.209543,0.307184
0.208709,0.306022
0.215996,0.312060
0.204311,0.301530
0.209254,0.306512
0.207868,0.305181
0.202079,0.298446
0.205633,0.302456
0.200780,0.298724
0.210042,0.305605
0.200543,0.296904
0.210750,0.307547
0.208522,0.306208
0.207332,0.304557
0.208332,0.304658
0.209481,0.305657
0.210908,0.306699
0.208177,0.304865
0.209046,0.306049
0.206404,0.303040
0.208320,0.305489
0.209038,0.306684
0.210184,0.306742
0.214908,0.311032
0.209668,0.306409
0.209186,0.306754
0.207144,0.304120
0.198854,0.294495
0.199442,0.296725
0.230841,0.324884
0.214717,0.310166
0.203084,0.299558
0.200287,0.297534
0.198577,0.294077
0.198018,0.294321
0.207307,0.304325
0.198910,0.294097
0.205711,0.301005
0.207435,0.305072
0.210259,0.306395
0.199819,0.297410
0.201706,0.298527
0.206568,0.304502
0.209367,0.306306
0.204477,0.299200
0.203702,0.300849
0.211420,0.310246
0.208508,0.305098
0.204798,0.301483
0.208384,0.304968
0.209139,0.306174
0.214891,0.310519
0.202206,0.298631
0.208753,0.305733
0.208506,0.305078
0.207296,0.303276
0.204503,0.301573
0.206145,0.302335
0.208901,0.302924
0.204127,0.301517
0.208169,0.304669
0.234446,0.329265
0.198385,0.295598
0.203453,0.299738
0.208649,0.305476
0.216583,0.312205
0.201369,0.298118
0.207890,0.303975
0.206612,0.302721
0.201740,0.297775
0.198875,0.295868
0.206914,0.302922
0.216136,0.310362
0.208280,0.304932
0.209738,0.306477
0.198524,0.294990
0.199152,0.295834
0.209326,0.305396
0.208785,0.306263
0.211003,0.306729
0.209269,0.306677
0.218327,0.314569
0.207188,0.303597
0.203059,0.299324
0.200079,0.296541
0.205998,0.302550
0.237087,0.336662
0.186892,0.287683
0.200969,0.298166
0.248919,0.349909
0.198636,0.295357
0.196282,0.298207
0.217265,0.314196
0.244880,0.338005
0.214735,0.320259
0.228241,0.329075
0.212417,0.308670
0.204808,0.301356
0.209797,0.308228
0.199265,0.296139
0.211655,0.309837
0.208850,0.304965
0.206949,0.303361
0.208990,0.306165
0.211384,0.307738
0.209337,0.305785
0.206055,0.301944
0.208027,0.304535
0.205020,0.302574
0.233707,0.331028
0.198964,0.295821
0.201571,0.298579
0.206258,0.303216
0.208289,0.304512
0.212808,0.308543
0.209393,0.305900
0.209515,0.305850
0.211803,0.310558
0.223409,0.338568
0.242335,0.359781
0.224890,0.319839
0.228210,0.344823
0.210089,0.306524
0.213578,0.309807
0.210516,0.308205
0.198957,0.296543
0.228430,0.344904
0.209986,0.307558
0.210758,0.307063
0.210116,0.306970
0.201887,0.299305
0.208863,0.307366
0.200485,0.297363
0.206626,0.309460
0.208984,0.305663
0.200923,0.298703
0.206823,0.303325
0.200772,0.297566
0.210433,0.307182
0.208885,0.304537
0.241611,0.342954
0.206125,0.303168
0.199697,0.296238
0.208409,0.304439
0.208335,0.305426
0.208162,0.303921
0.201314,0.295294
0.200148,0.301248
0.209153,0.305733
0.205635,0.301610
0.210583,0.307104
0.209505,0.306103
0.210938,0.307777
0.202914,0.300489
0.204257,0.307541
0.208118,0.304235
0.209975,0.306655
0.200969,0.298247
0.199679,0.296860
0.207410,0.304754
0.204755,0.301697
0.208940,0.311936
0.208169,0.304808
0.200641,0.298365
0.199164,0.294441
0.208214,0.304500
0.207523,0.304465
0.203074,0.298888
0.208269,0.312633
0.205945,0.303021
0.214284,0.311123
0.208368,0.305850
0.236727,0.331318
0.201901,0.297966
0.210172,0.306641
0.201152,0.297846
0.203999,0.301609
0.209341,0.305642
0.211329,0.307808
0.204689,0.301553
0.225004,0.321439
0.200131,0.297492
0.208508,0.305287
0.210894,0.306329
0.200134,0.296578
0.200154,0.297330
0.198621,0.295779
0.208909,0.305490
0.199281,0.294583
0.213677,0.310281
0.217693,0.313466
0.206566,0.303470
0.212180,0.308567
0.205518,0.302238
0.207213,0.306172
0.208821,0.305204
0.200704,0.296093
0.213034,0.307403
0.208616,0.304757
0.201138,0.297608
0.199754,0.294950
0.202974,0.299551
0.201490,0.298712
0.209043,0.306400
0.247151,0.341205
0.204074,0.301008
0.206983,0.304487
0.208171,0.304960
0.205373,0.302220
0.209531,0.306945
0.208429,0.304889
0.207828,0.303039
0.201914,0.299114
0.200210,0.296245
0.218717,0.319834
0.216607,0.316855
0.209789,0.310081
0.209509,0.315710
0.220850,0.325687
0.206768,0.303626
0.210915,0.309342
0.206710,0.303244
0.197491,0.293620
0.209411,0.305220
0.200365,0.303410
0.208497,0.305849
0.208730,0.306262
0.206837,0.302716
0.201719,0.297659
0.206397,0.302293
0.209482,0.306225
0.208846,0.310986
0.205497,0.302359
0.199914,0.294215
0.203257,0.299414
0.200733,0.297685
0.232997,0.328878
0.209161,0.306135
0.209679,0.312514
0.208938,0.305554
0.201906,0.297054
0.198442,0.294805
0.215312,0.312109
0.207384,0.304261
0.210647,0.307288
0.210772,0.312562
0.207205,0.303948
0.207042,0.304003
0.206655,0.303991
0.205668,0.303602
0.202714,0.300517
0.206711,0.302724
0.199686,0.303092
0.216620,0.312696
