starttransfer,total
0.162076,0.263321
0.159141,0.258027
0.161023,0.263789
0.165797,0.266247
0.159808,0.260221
0.162684,0.262534
0.166428,0.267927
0.161914,0.261568
0.163727,0.266876
0.161838,0.263062
0.171915,0.272888
0.167065,0.265324
0.163640,0.264777
0.164708,0.265580
0.161864,0.264223
0.163493,0.263368
0.164996,0.263548
0.165178,0.266146
0.196177,0.294017
0.171355,0.270843
0.164681,0.265153
0.164964,0.266711
0.166616,0.268501
0.162199,0.261934
0.160607,0.260169
0.166935,0.265307
0.160039,0.259769
0.171613,0.276085
0.162658,0.264217
0.161057,0.261879
0.157874,0.258289
0.162081,0.262582
0.163583,0.265434
0.162906,0.264926
0.162324,0.261981
0.166511,0.269929
0.200556,0.300404
0.165743,0.265420
0.163206,0.262065
0.165886,0.265626
0.161709,0.261133
0.161608,0.261911
0.164006,0.265837
0.159763,0.259827
0.175445,0.273775
0.159473,0.259291
0.163640,0.265533
0.166366,0.267507
0.162584,0.264370
0.171718,0.271594
0.160625,0.259697
0.161369,0.261552
0.161012,0.263923
0.159562,0.258170
0.165480,0.264017
0.165999,0.266918
0.164864,0.264126
0.167038,0.267622
0.162787,0.263432
0.164636,0.265010
0.166397,0.273523
0.158858,0.258420
0.166342,0.265924
0.163004,0.262759
0.164828,0.266162
0.160659,0.260060
0.172054,0.273664
0.160437,0.261206
0.161295,0.261630
0.197885,0.294311
0.164917,0.266063
0.165246,0.266107
0.195672,0.294635
0.161619,0.261725
0.172736,0.273840
0.159532,0.258796
0.160752,0.261784
0.162251,0.267458
0.164387,0.265460
0.162112,0.261674
0.166030,0.266756
0.159501,0.259062
0.171885,0.271568
0.162733,0.262861
0.162320,0.261288
0.160522,0.265474
0.166830,0.266868
0.161370,0.262257
0.159227,0.258620
0.163972,0.265092
0.164486,0.265447
0.156756,0.256836
0.171422,0.272827
0.162504,0.264213
0.169489,0.268591
0.161608,0.263409
0.162025,0.263403
0.158498,0.258280
0.161092,0.261696
0.159818,0.258815
0.158983,0.258531
0.167568,0.268491
0.164566,0.267553
0.174511,0.275274
0.172387,0.269472
0.160791,0.261700
0.161137,0.260597
0.160569,0.261679
0.192867,0.292204
0.160380,0.260814
0.161349,0.266598
0.163271,0.264691
0.162448,0.262563
0.163110,0.262220
0.166601,0.267843
0.161178,0.259774
0.159610,0.259131
0.161186,0.260808
0.162236,0.263770
0.171329,0.270801
0.160582,0.259582
0.160936,0.259623
0.165068,0.264792
0.165210,0.264535
0.160286,0.259855
0.158241,0.258165
0.161771,0.262345
0.169606,0.268818
0.164227,0.265431
0.158556,0.259153
0.165158,0.264231
0.161275,0.262695
0.168847,0.269597
0.157702,0.258669
0.160697,0.261796
0.161293,0.267835
0.158510,0.258603
0.161895,0.261398
0.158115,0.259087
0.164087,0.264677
0.164629,0.265216
0.163646,0.265468
0.160570,0.261321
0.161276,0.260963
0.202051,0.299470
0.171662,0.272941
0.164806,0.263349
0.160585,0.260128
0.159607,0.259900
0.162786,0.262049
0.161005,0.259933
0.163614,0.262882
0.179170,0.278996
0.160119,0.259222
0.158110,0.258170
0.160984,0.260424
0.160523,0.260277
0.162805,0.262221
0.168092,0.268726
0.163985,0.264395
0.165554,0.273580
0.167162,0.276140
0.161172,0.262252
0.158794,0.260289
0.166636,0.270119
0.163694,0.265170
0.163405,0.263343
0.161129,0.259741
0.169289,0.275840
0.163910,0.265543
0.167037,0.265874
0.161275,0.262487
0.158720,0.258025
0.165174,0.264970
0.162446,0.263365
0.159627,0.259259
0.160697,0.260840
0.176233,0.274965
0.162719,0.265831
0.163998,0.262656
0.192230,0.290890
0.162732,0.263542
0.162228,0.261149
0.163541,0.263396
0.162055,0.261531
0.157975,0.262700
0.160112,0.260523
0.162914,0.262593
0.164430,0.265356
0.160555,0.262900
0.166427,0.267271
0.166479,0.266475
0.163796,0.265390
0.159530,0.263848
0.156615,0.256092
0.163007,0.262479
0.160845,0.260835
0.160271,0.260042
0.163833,0.263800
0.162951,0.264119
0.161869,0.260260
0.162542,0.262409
0.169061,0.270933
0.162983,0.262411
0.160888,0.260490
0.162625,0.263822
0.161134,0.262091
0.166204,0.267521
0.161592,0.262172
0.165848,0.265137
0.173748,0.271989
0.162723,0.264084
0.162761,0.264373
0.161385,0.261190
0.163674,0.264352
0.162541,0.261688
0.191764,0.291700
0.163907,0.263959
0.161997,0.268185
0.162607,0.264836
0.161167,0.261031
0.161581,0.263462
0.164804,0.265810
0.163633,0.264003
0.167097,0.267073
0.158515,0.258611
0.163442,0.263003
0.168652,0.267886
0.165123,0.266448
0.164088,0.266315
0.158006,0.258334
0.166962,0.266182
0.167046,0.267906
0.164612,0.266127
0.158071,0.259360
0.173694,0.273076
0.162520,0.261025
0.164936,0.264006
0.167220,0.269817
0.161703,0.260697
0.161753,0.260763
0.157697,0.258483
0.161757,0.262028
0.169189,0.272953
0.169400,0.270227
0.156912,0.257399
0.161622,0.260700
0.160687,0.263964
0.165267,0.267775
0.163360,0.264321
0.160976,0.260144
0.163322,0.270587
0.189837,0.289164
0.159900,0.260616
0.162617,0.263705
0.163266,0.264470
0.161026,0.260238
0.164005,0.265811
0.162435,0.264802
0.160063,0.260810
0.173861,0.272465
0.161621,0.262698
0.159439,0.258567
0.163190,0.263450
0.167647,0.268682
0.160556,0.261562
0.163421,0.264996
0.164945,0.264708
0.163411,0.270331
0.169147,0.270164
0.162880,0.262456
0.161820,0.261582
0.164986,0.265604
0.166254,0.268257
0.160910,0.259597
0.162390,0.263812
0.160283,0.263912
0.166651,0.267700
0.163463,0.264141
0.161241,0.261912
0.159339,0.258866
0.161581,0.261513
0.162704,0.262609
0.163954,0.266080
0.163596,0.262151
0.169944,0.268692
0.162582,0.263512
0.164480,0.265007
0.197326,0.299933
0.165104,0.264968
0.163868,0.264600
0.165671,0.266464
0.160926,0.260668
0.167913,0.279290
0.184043,0.306444
0.183685,0.307549
0.184853,0.308762
0.186123,0.308512
0.184690,0.309522
0.179989,0.302994
0.187423,0.285453
0.164460,0.265946
0.160164,0.261833
0.162653,0.263768
0.162049,0.259930
0.161333,0.262877
0.161948,0.262971
0.159083,0.259418
0.160061,0.264048
0.157781,0.258130
0.162912,0.264070
0.164492,0.265492
0.161100,0.262659
0.159815,0.259075
0.162305,0.260146
0.161342,0.259420
0.160146,0.265840
0.161224,0.261041
0.162124,0.263793
0.163345,0.264367
0.158816,0.257925
0.163634,0.263676
0.164374,0.264628
0.192214,0.291060
0.160173,0.261672
0.168291,0.266865
0.161999,0.264084
0.165244,0.264695
0.163724,0.265587
0.162748,0.262291
0.161296,0.259975
0.161718,0.263806
0.160907,0.259987
0.178542,0.277483
0.163799,0.263017
0.171440,0.271985
0.162301,0.264141
0.163075,0.262646
0.166367,0.266366
0.163242,0.265174
0.162565,0.264032
0.161559,0.266897
0.166801,0.265771
0.162419,0.264048
0.168520,0.269398
0.160330,0.259418
0.162945,0.262756
0.160387,0.258766
0.169790,0.270348
0.162053,0.262820
0.169398,0.269417
0.162233,0.260945
0.169469,0.267802
0.162653,0.262868
0.162207,0.263189
0.167384,0.267991
0.168034,0.269666
0.160072,0.258984
0.171409,0.270616
0.194484,0.292981
0.161272,0.261623
0.161988,0.263454
0.165104,0.266261
0.160933,0.262117
0.165758,0.264143
0.163527,0.264986
0.162742,0.268314
0.165261,0.263978
0.159247,0.258104
0.164514,0.265493
0.159710,0.258919
0.160914,0.260983
0.159988,0.259057
0.166250,0.265568
0.161269,0.265324
0.165827,0.265871
0.159271,0.259067
0.163528,0.261831
0.162950,0.263624
0.161373,0.259967
0.160117,0.258659
0.162802,0.262639
0.161803,0.261755
0.169832,0.269537
0.157424,0.256363
0.156769,0.256876
0.160442,0.259309
0.164214,0.265015
0.159499,0.259978
0.158533,0.258526
0.163245,0.263536
0.161371,0.266514
0.161601,0.262576
0.161264,0.260593
0.160304,0.259783
0.199764,0.299051
0.166693,0.268960
0.164574,0.266044
0.159310,0.258784
0.159367,0.261086
0.158995,0.258403
0.163010,0.264254
0.162080,0.262694
0.163122,0.264466
0.163016,0.262994
0.162070,0.262930
0.164147,0.264874
0.161665,0.259999
0.169007,0.267787
0.167139,0.267894
0.156327,0.256212
0.162909,0.263173
0.170505,0.270784
0.165014,0.266489
0.161416,0.260952
0.167211,0.267457
0.161623,0.263307
0.162620,0.262105
0.168476,0.267136
0.160970,0.260598
0.162705,0.264037
0.162954,0.263108
0.158268,0.258793
0.165308,0.266283
0.160673,0.263889
0.169472,0.269343
0.163823,0.263935
0.161198,0.259801
0.160678,0.261840
0.159211,0.258768
0.159942,0.259075
0.197541,0.296634
0.167768,0.268035
0.171503,0.270544
0.158622,0.257860
0.166802,0.267081
0.163632,0.264538
0.161979,0.260273
0.164025,0.264669
0.158837,0.258384
0.160871,0.260944
0.164586,0.271270
0.162552,0.262674
0.163375,0.265123
0.158188,0.257652
0.167702,0.268155
0.165584,0.266745
0.164243,0.263673
0.165405,0.266810
0.155179,0.259962
0.162588,0.261294
0.160652,0.261212
0.161376,0.262425
0.163985,0.265366
0.164216,0.263420
0.159142,0.257471
0.163416,0.261615
0.158494,0.257952
0.184388,0.285058
0.161711,0.262486
0.158507,0.256686
0.161473,0.261011
0.166714,0.266143
0.161275,0.262446
0.180844,0.303775
0.180926,0.307780
0.179603,0.302338
0.208559,0.329585
0.178250,0.303031
0.161882,0.261685
0.158172,0.257892
0.186872,0.310021
0.186018,0.309682
0.159550,0.259458
0.165646,0.266553
0.163925,0.267287
0.165455,0.266187
0.160584,0.259054
0.163314,0.264549
0.160585,0.260344
0.167424,0.268050
0.178385,0.278401
0.160080,0.259706
0.163260,0.264874
0.161924,0.262166
0.164871,0.264534
0.163222,0.263078
0.162144,0.262962
0.164110,0.264386
0.163054,0.264370
0.170212,0.268936
0.164818,0.265510
0.165226,0.265518
0.158584,0.258196
0.164559,0.265510
0.160779,0.261392
0.165665,0.265624
0.164630,0.268029
0.170786,0.271266
0.165694,0.266638
0.156899,0.257228
0.165753,0.266421
0.168778,0.269246
0.193247,0.291600
0.166640,0.265995
0.159417,0.259517
0.172856,0.271421
0.161517,0.263581
0.159312,0.258534
0.162367,0.261595
0.161233,0.259735
0.160572,0.260231
0.162050,0.263820
0.163703,0.263470
0.163751,0.265935
0.167440,0.267582
0.162199,0.264692
0.161717,0.260815
0.160309,0.259773
0.164984,0.265908
0.161191,0.260259
0.159677,0.259510
0.163334,0.268386
0.166057,0.267592
0.158177,0.257954
0.162328,0.262343
0.161079,0.260902
0.162305,0.263402
0.162255,0.263881
0.161395,0.260914
0.159488,0.259756
0.168933,0.268183
0.160133,0.258939
0.160938,0.263153
0.162857,0.263855
0.164232,0.265951
0.160381,0.259689
0.162342,0.261892
0.163126,0.264071
0.204873,0.301267
0.162830,0.262188
0.159592,0.258543
0.161656,0.261136
0.160444,0.262054
0.159454,0.259886
0.163999,0.264438
0.163179,0.261826
0.157439,0.262591
0.164665,0.265195
0.161912,0.261724
0.160828,0.260430
0.162887,0.263622
0.162912,0.263715
0.164711,0.265202
0.160539,0.259965
0.158779,0.264620
0.161578,0.261454
0.158889,0.258133
0.160002,0.260060
0.159877,0.259705
0.161230,0.261949
0.160199,0.259549
0.159691,0.258929
0.160300,0.259927
0.173880,0.273068
0.160504,0.259759
0.162937,0.262035
0.161422,0.260833
0.163727,0.264062
0.168170,0.269034
0.162661,0.264642
0.162032,0.263435
0.159395,0.263385
0.168979,0.269631
0.163583,0.264174
0.190062,0.289025
0.160130,0.259261
0.159634,0.259459
0.162439,0.261145
0.164316,0.262874
0.160101,0.264128
0.161034,0.261004
0.158258,0.257529
0.163559,0.264195
0.163735,0.262865
0.161513,0.263169
0.161357,0.261147
0.158096,0.258614
0.164462,0.263693
0.175415,0.274205
0.160898,0.262738
0.164351,0.263689
0.179603,0.282397
0.159660,0.258752
0.162543,0.261763
0.164941,0.265656
0.164409,0.262946
0.159666,0.262430
0.159882,0.259170
0.162793,0.263698
0.162561,0.264339
0.161028,0.262691
0.170213,0.271114
0.162413,0.264052
0.162641,0.263762
0.160252,0.264523
0.163605,0.265406
0.164364,0.264061
0.161938,0.259915
0.163482,0.263047
0.160453,0.260285
0.191387,0.290091
0.167778,0.269444
0.161153,0.260922
0.172833,0.271577
0.160142,0.258119
0.167438,0.266665
0.161131,0.261580
0.159254,0.257963
0.160636,0.260142
0.160576,0.261300
0.160859,0.259744
0.159691,0.261510
0.166503,0.266820
0.157708,0.256965
0.159675,0.259742
0.161214,0.261566
0.158440,0.257967
0.160731,0.259039
0.159722,0.259004
0.162806,0.266478
0.171800,0.272708
0.162825,0.262615
0.164333,0.263855
0.162135,0.262597
0.158649,0.258386
0.161321,0.262936
0.161672,0.262732
0.163772,0.263487
0.166133,0.265721
0.161239,0.260521
0.162214,0.263486
0.168018,0.265654
0.162402,0.262949
0.160901,0.260182
0.160290,0.260439
0.163604,0.264565
0.207154,0.303701
0.161547,0.260017
0.161522,0.260736
0.160840,0.259678
0.159531,0.259442
0.160674,0.259749
0.159700,0.258299
0.161874,0.262415
0.161395,0.263922
0.163931,0.264555
0.168166,0.268223
0.168462,0.267775
0.161622,0.262528
0.160859,0.260170
0.161872,0.260661
0.161978,0.262042
0.167583,0.265931
0.170467,0.269647
0.162780,0.264062
0.164053,0.263811
0.167014,0.269152
0.164680,0.269226
0.163529,0.268431
0.164122,0.267929
0.170837,0.274631
0.170774,0.270340
0.163117,0.263722
0.161344,0.260478
0.156899,0.256055
0.162782,0.263014
0.162092,0.261454
0.158514,0.259403
0.159907,0.257340
0.163072,0.267857
0.158109,0.257844
0.160047,0.259513
0.190022,0.288508
0.161202,0.260931
0.162119,0.261138
0.160796,0.259006
0.161305,0.260817
0.163527,0.268427
0.169935,0.267971
0.162646,0.263188
0.165133,0.265396
0.168310,0.267508
0.163448,0.263398
0.159233,0.258726
0.158338,0.258075
0.163119,0.262570
0.171396,0.269950
0.158181,0.257691
0.168232,0.268544
0.168579,0.267523
0.164084,0.264369
0.163652,0.264103
0.162134,0.260310
0.161823,0.262415
0.172096,0.272328
0.160276,0.259861
0.159104,0.259486
0.161719,0.262791
0.163018,0.264388
0.162736,0.263978
0.161206,0.260675
0.164413,0.264850
0.162160,0.266533
0.160991,0.261338
0.159660,0.258495
0.171559,0.271553
0.166168,0.265184
0.160566,0.260527
0.200001,0.298980
0.160605,0.260828
0.160568,0.260435
0.165507,0.266329
0.162860,0.264242
0.157842,0.258753
0.158790,0.259199
0.160171,0.260498
0.165973,0.267046
0.159825,0.260266
0.159123,0.258103
0.172120,0.271013
0.162211,0.263603
0.158957,0.258464
0.159943,0.261683
0.156608,0.256312
0.168718,0.269227
0.162137,0.263563
0.161128,0.260145
0.164603,0.269241
0.159271,0.258987
0.166038,0.267256
0.161039,0.260877
0.161693,0.262521
0.160600,0.259235
0.162189,0.263161
0.162029,0.262869
0.165174,0.270151
0.162502,0.261990
0.158709,0.258290
0.162004,0.264018
0.157494,0.257603
0.160622,0.260143
0.162276,0.264306
0.158948,0.258473
0.162542,0.260635
0.201306,0.298374
0.167815,0.268322
0.157722,0.257421
0.161760,0.261106
0.164225,0.265712
0.156634,0.256715
0.163884,0.264648
0.168987,0.266544
0.163029,0.269079
0.166757,0.267802
0.159518,0.259272
0.161964,0.260266
0.168450,0.269368
0.159523,0.258553
0.157866,0.258281
0.161406,0.259520
0.159022,0.263217
0.162786,0.263546
0.160001,0.259425
0.156876,0.256826
0.157781,0.258464
0.159272,0.260854
0.161439,0.260647
0.165011,0.266351
0.164340,0.264095
0.170796,0.270342
0.165295,0.264347
0.176254,0.276544
0.159876,0.260116
0.162786,0.263642
0.159635,0.259539
0.166349,0.265863
0.166251,0.265562
0.161552,0.262900
0.159156,0.258982
0.160594,0.259452
0.202004,0.300380
0.158778,0.258029
0.160579,0.260029
0.166388,0.266149
0.162471,0.263546
0.161665,0.265704
0.156873,0.257363
0.158562,0.258635
0.161257,0.259642
0.163443,0.263460
0.165818,0.264463
0.160330,0.261839
0.159080,0.258604
0.160888,0.260470
0.173192,0.272482
0.161358,0.263568
0.162242,0.263839
0.158283,0.257983
0.161211,0.260292
0.161359,0.262431
0.160202,0.259778
0.160162,0.259692
0.165672,0.262877
0.162333,0.261288
0.162136,0.263554
0.162389,0.263312
0.161790,0.260785
0.163357,0.263615
0.166733,0.265698
0.162548,0.261851
0.160133,0.265411
0.169500,0.270067
0.159678,0.259326
0.160822,0.259979
0.162906,0.264983
0.164941,0.264571
0.191598,0.289894
0.164311,0.265430
0.159824,0.258997
0.169861,0.267381
0.162882,0.263472
0.163186,0.262018
0.162118,0.263012
0.162231,0.260993
0.163930,0.264637
0.163855,0.262195
0.159340,0.259030
0.173591,0.272171
0.157711,0.257470
0.159684,0.259293
0.163177,0.262454
0.160839,0.260274
0.159005,0.258715
0.163953,0.265113
0.162316,0.262858
0.160652,0.263048
0.167582,0.270707
0.160394,0.260600
0.159976,0.260543
0.159100,0.258607
0.168664,0.269365
0.158137,0.257314
0.158177,0.258389
0.160567,0.266432
0.160617,0.260316
0.162930,0.264696
0.170071,0.270382
0.161842,0.262466
0.160352,0.260213
0.160149,0.261117
0.163591,0.263796
0.160755,0.259834
0.212660,0.309897
0.165037,0.266561
0.159677,0.260350
0.162313,0.261695
0.162044,0.261934
0.165384,0.265194
0.166798,0.267621
0.161494,0.261588
0.159125,0.262585
0.163418,0.264185
0.163206,0.265030
0.163051,0.262212
0.161034,0.262390
0.160051,0.259108
0.159618,0.259483
0.166270,0.265185
0.181525,0.286847
0.156966,0.256712
0.162495,0.260898
0.160397,0.261459
0.162482,0.262260
0.160701,0.262330
0.172233,0.273534
0.160037,0.259568
0.158000,0.257327
0.175119,0.273713
0.163283,0.264270
0.162354,0.262897
0.166428,0.267124
0.162099,0.263034
0.162793,0.261385
0.161674,0.262540
0.165139,0.264288
0.169230,0.271991
0.164126,0.265232
0.157046,0.256631
0.198489,0.297631
0.169492,0.267996
0.159000,0.258398
0.159124,0.259203
0.159261,0.259233
0.160703,0.265848
0.163044,0.264454
0.168093,0.266791
0.159391,0.259258
0.158796,0.258167
0.160861,0.259901
0.159504,0.258953
0.160799,0.262832
0.162681,0.264329
0.175129,0.273958
0.165024,0.264535
0.159882,0.259671
0.163527,0.264769
0.162476,0.261873
0.155801,0.256101
0.162948,0.264231
0.162089,0.263948
0.158742,0.261715
0.166024,0.267434
0.160557,0.260273
0.159345,0.259318
0.162557,0.262432
0.160483,0.259957
0.162143,0.264215
0.160696,0.260074
0.162412,0.265447
0.159468,0.259057
0.161575,0.262953
0.159279,0.261290
0.160813,0.262416
0.164284,0.266531
0.186502,0.286558
0.162857,0.262595
0.169730,0.269707
0.170776,0.269727
0.162459,0.260989
0.164262,0.265391
0.160383,0.259588
0.166188,0.267572
0.164642,0.264039
0.161185,0.262930
0.163029,0.264561
0.159972,0.263827
0.160640,0.259577
0.166185,0.267231
0.160999,0.260537
0.159093,0.258744
0.160792,0.262907
0.160270,0.259508
0.164656,0.266065
0.157730,0.262097
0.168745,0.269269
0.161153,0.261222
0.160165,0.259149
0.163311,0.264328
0.164280,0.266056
0.161320,0.261115
0.158541,0.258108
0.159940,0.258326
0.173132,0.272230
0.161131,0.259863
0.162499,0.262688
0.170230,0.271053
0.169078,0.269931
0.158271,0.258872
0.159976,0.259269
0.157958,0.258514
0.198510,0.295006
0.160594,0.260668
0.161440,0.262997
0.158405,0.257967
0.161999,0.263999
0.164605,0.264521
0.160391,0.258400
0.161114,0.262675
0.167410,0.271921
0.165336,0.264256
0.163881,0.265004
0.158251,0.258217
0.163992,0.262545
0.160708,0.263974
0.161168,0.262646
0.161843,0.261458
0.159399,0.257961
0.169850,0.267566
0.192889,0.291783
0.159955,0.260464
0.161399,0.259971
0.157008,0.256464
0.161491,0.260945
0.164059,0.264864
0.165590,0.266527
0.179043,0.277135
0.160657,0.259241
0.160577,0.259774
0.163218,0.264229
