starttransfer,total
0.146570,0.248684
0.132043,0.231338
0.134972,0.235907
0.135956,0.238327
0.133576,0.233956
0.163497,0.264106
0.133661,0.233061
0.135062,0.236737
0.134914,0.237755
0.133978,0.233318
0.135268,0.237954
0.134263,0.234329
0.133668,0.236050
0.134581,0.263187
0.134450,0.234000
0.134142,0.235869
0.134077,0.233799
0.133974,0.235181
0.132721,0.234749
0.133915,0.233466
0.134373,0.236059
0.133920,0.257024
0.132903,0.234223
0.133878,0.235992
0.163813,0.263677
0.133347,0.236504
0.132937,0.232460
0.134133,0.237697
0.140923,0.246908
0.138319,0.243176
0.163366,0.264392
0.138805,0.243184
0.133070,0.235793
0.133662,0.233788
0.133310,0.232915
0.136272,0.238617
0.140816,0.246243
0.135459,0.237385
0.169008,0.268131
0.134260,0.233938
0.132187,0.231433
0.132725,0.232044
0.133059,0.235215
0.133674,0.233490
0.134166,0.233517
0.133775,0.233893
0.134789,0.260396
0.133085,0.234967
0.132149,0.232051
0.133361,0.232840
0.131677,0.231189
0.133771,0.233233
0.135070,0.237001
0.134356,0.233967
0.134842,0.257960
0.131159,0.230438
0.134735,0.234508
0.133078,0.235689
0.133507,0.233209
0.133465,0.232816
0.133597,0.233570
0.134137,0.234035
0.134100,0.235612
0.163443,0.261745
0.164093,0.264176
0.134778,0.234670
0.135076,0.234494
0.133516,0.235651
0.133379,0.232977
0.133376,0.232593
0.133783,0.233467
0.164398,0.262437
0.137490,0.239461
0.133119,0.232886
0.134901,0.235138
0.133178,0.232873
0.133577,0.233683
0.133302,0.234641
0.133505,0.232914
0.133760,0.261620
0.134143,0.233915
0.133881,0.233638
0.135362,0.236251
0.132251,0.232140
0.145321,0.244690
0.133141,0.232541
0.134284,0.233917
0.133603,0.265135
0.132267,0.232295
0.134564,0.233963
0.132945,0.232047
0.132828,0.231863
0.133663,0.235878
0.133515,0.232696
0.133611,0.232745
0.134498,0.233849
0.167448,0.265810
0.132985,0.235356
0.133532,0.233303
0.132465,0.232596
0.133867,0.233534
0.133911,0.233475
0.134063,0.236427
0.133468,0.233463
0.164862,0.294894
0.136113,0.235801
0.133243,0.232722
0.133400,0.234976
0.133176,0.233015
0.133695,0.233002
0.132699,0.232076
0.135100,0.234701
0.134147,0.266100
0.134852,0.234331
0.132545,0.231789
0.131917,0.231737
0.133326,0.234246
0.132680,0.233822
0.134009,0.233496
0.134264,0.233719
0.133745,0.233212
0.169123,0.267151
0.133743,0.234857
0.133808,0.233267
0.134456,0.234014
0.133949,0.233412
0.132787,0.231866
0.133482,0.235510
0.134432,0.234499
0.135120,0.265395
0.132738,0.231836
0.133574,0.233112
0.133848,0.234941
0.131556,0.231889
0.137015,0.236368
0.132797,0.232127
0.133685,0.232957
0.133024,0.264450
0.132566,0.231638
0.134635,0.234425
0.134141,0.233731
0.132931,0.232661
0.133663,0.235626
0.133540,0.233397
0.164216,0.263527
0.134285,0.233500
0.171107,0.269209
0.134352,0.237042
0.134441,0.233844
0.132785,0.232080
0.132938,0.233513
0.133515,0.233062
0.133993,0.236585
0.133380,0.232804
0.133741,0.258166
0.133071,0.233087
0.134654,0.234178
0.133432,0.235852
0.133946,0.234348
0.133531,0.233133
0.133453,0.233109
0.134071,0.233610
0.134610,0.262516
0.134375,0.235404
0.133411,0.233248
0.133275,0.232927
0.133543,0.233176
0.133742,0.236667
0.133636,0.233808
0.133916,0.233170
0.134604,0.235314
0.167681,0.265906
0.131958,0.233072
0.134440,0.234368
0.132752,0.232241
0.134215,0.233805
0.132559,0.231483
0.134630,0.235960
0.133890,0.233413
0.175894,0.273865
0.135123,0.235083
0.152217,0.273160
0.148662,0.266022
0.148190,0.264890
0.179793,0.297831
0.149250,0.267316
0.166675,0.263699
0.132418,0.231525
0.131415,0.230658
0.132138,0.231129
0.132984,0.232300
0.132766,0.231624
0.133592,0.232363
0.132514,0.231148
0.133412,0.256721
0.131738,0.230720
0.133307,0.232325
0.133669,0.232635
0.132266,0.231241
0.134076,0.232931
0.133578,0.232460
0.133017,0.231833
0.134555,0.257658
0.132996,0.232121
0.133571,0.232303
0.134323,0.233367
0.133843,0.232774
0.133596,0.232457
0.132474,0.231042
0.134084,0.233403
0.133780,0.233300
0.169842,0.267423
0.133532,0.232906
0.133139,0.232379
0.134701,0.233487
0.132676,0.231441
0.132622,0.231107
0.133378,0.231831
0.133298,0.231934
0.134207,0.257421
0.132959,0.231741
0.146509,0.245266
0.133468,0.232071
0.132376,0.231035
0.163060,0.261798
0.133193,0.232109
0.132926,0.232122
0.134346,0.256963
0.133466,0.232690
0.133194,0.231771
0.132128,0.230818
0.132538,0.231436
0.133298,0.232159
0.133528,0.232556
0.133242,0.231602
0.133436,0.232717
0.165687,0.263639
0.135197,0.234355
0.132045,0.230710
0.133080,0.231778
0.133122,0.232485
0.133069,0.232128
0.133612,0.232456
0.132876,0.231590
0.171239,0.267802
0.132239,0.230812
0.132070,0.231084
0.132811,0.231955
0.132818,0.231994
0.133052,0.231738
0.133189,0.234014
0.133991,0.232955
0.134432,0.263056
0.132017,0.230725
0.132396,0.231112
0.132770,0.232719
0.132919,0.232249
0.133117,0.232263
0.131836,0.230887
0.134425,0.233347
0.135618,0.234908
0.155379,0.253390
0.131913,0.230713
0.130478,0.229598
0.163082,0.262002
0.134925,0.234653
0.133595,0.232583
0.133718,0.232003
0.133404,0.232508
0.163678,0.260254
0.133565,0.232816
0.133241,0.232341
0.133689,0.232768
0.133994,0.233207
0.133517,0.232109
0.134089,0.233125
0.133570,0.232359
0.133703,0.256543
0.133412,0.232691
0.133549,0.232249
0.133509,0.232639
0.132370,0.230722
0.133741,0.233039
0.132939,0.231885
0.133899,0.232791
0.133280,0.256117
0.133443,0.232607
0.133797,0.232840
0.134012,0.232932
0.132147,0.230980
0.133852,0.233642
0.133130,0.231877
0.133540,0.232753
0.134221,0.233379
0.167540,0.264833
0.133598,0.232387
0.133914,0.233025
0.133331,0.232339
0.133207,0.232453
0.131772,0.230008
0.132763,0.231852
0.133816,0.232718
0.134707,0.257708
0.133563,0.232800
0.163414,0.262552
0.131538,0.230412
0.133118,0.232208
0.133449,0.231925
0.136013,0.236771
0.133711,0.233157
0.134324,0.263817
0.133202,0.232351
0.133662,0.233013
0.133447,0.232441
0.132276,0.231088
0.132991,0.232096
0.133847,0.233120
0.133566,0.232770
0.134750,0.233937
0.162943,0.260020
0.132565,0.231590
0.132872,0.232512
0.132874,0.231909
0.133715,0.232920
0.131942,0.230183
0.133043,0.232702
0.135335,0.234816
0.134687,0.258273
0.133880,0.233042
0.135242,0.233902
0.133156,0.232268
0.133022,0.232034
0.132612,0.231110
0.133709,0.232824
0.133540,0.232054
0.133435,0.261888
0.133405,0.232103
0.131855,0.231037
0.132091,0.230886
0.132977,0.231858
0.132666,0.231837
0.133912,0.233572
0.133608,0.232423
0.133037,0.231905
0.200199,0.296946
0.133649,0.232458
0.133815,0.232805
0.134185,0.233072
0.131900,0.230243
0.133125,0.231696
0.134169,0.233728
0.150547,0.268213
0.172782,0.269840
0.150355,0.267944
0.149351,0.266791
0.150509,0.268566
0.132862,0.231515
0.133616,0.232731
0.150871,0.268639
0.170526,0.268036
0.133767,0.232455
0.133604,0.232276
0.134069,0.232888
0.132098,0.230607
0.133256,0.231940
0.134021,0.232643
0.134084,0.232520
0.134272,0.263879
0.132639,0.231479
0.134554,0.233349
0.133803,0.232635
0.132325,0.231464
0.133022,0.231468
0.133188,0.231621
0.133220,0.231882
0.135076,0.257818
0.132739,0.231474
0.133222,0.231799
0.133599,0.231941
0.132778,0.231633
0.132945,0.232061
0.132710,0.230897
0.133239,0.232344
0.165139,0.264341
0.162319,0.259298
0.133132,0.231610
0.133588,0.232072
0.132706,0.231260
0.134074,0.233143
0.134004,0.232102
0.132994,0.231615
0.132832,0.231979
0.134173,0.265862
0.133671,0.232366
0.133812,0.232723
0.133096,0.231370
0.131686,0.230842
0.132748,0.231793
0.133906,0.232519
0.133668,0.232168
0.133834,0.262414
0.133058,0.231248
0.131807,0.230406
0.133149,0.232068
0.140341,0.238773
0.133184,0.231637
0.132766,0.231686
0.136013,0.234431
0.133802,0.233107
0.159749,0.257317
0.131982,0.230692
0.131692,0.230319
0.133398,0.232194
0.133440,0.232067
0.132796,0.231366
0.134441,0.232660
0.133665,0.232308
0.170106,0.267334
0.131763,0.230640
0.131625,0.230373
0.132183,0.230918
0.133190,0.231985
0.131973,0.230199
0.163703,0.262927
0.133060,0.231512
0.133822,0.261910
0.134010,0.233001
0.132704,0.231792
0.133825,0.232284
0.133677,0.232321
0.132831,0.231122
0.133394,0.232158
0.133370,0.232027
0.133948,0.262767
0.133282,0.232211
0.132726,0.231163
0.135239,0.234347
0.135701,0.235000
0.132697,0.231400
0.133630,0.232655
0.133542,0.231845
0.134130,0.233843
0.170922,0.268221
0.132931,0.231585
0.133322,0.232186
0.133945,0.232511
0.134337,0.233586
0.133328,0.232106
0.133042,0.232438
0.133751,0.232892
0.133615,0.259512
0.133610,0.232257
0.133445,0.232358
0.132351,0.231394
0.133160,0.232454
0.133236,0.231615
0.133269,0.231982
0.134143,0.233234
0.133217,0.255902
0.133181,0.232068
0.133042,0.231546
0.131276,0.229449
0.134179,0.233037
0.163026,0.261554
0.133283,0.231707
0.133189,0.231414
0.133560,0.232084
0.162645,0.259576
0.132301,0.231065
0.131037,0.229714
0.132131,0.230823
0.132457,0.231630
0.132572,0.231028
0.133123,0.231585
0.133414,0.232338
0.134133,0.256576
0.132650,0.231272
0.131811,0.230133
0.131679,0.230654
0.132905,0.231460
0.133003,0.231361
0.133132,0.231785
0.132670,0.230975
0.133522,0.261959
0.132366,0.230998
0.131566,0.231732
0.132673,0.231515
0.133028,0.231601
0.133742,0.232825
0.132647,0.231510
0.132332,0.230720
0.132677,0.231007
0.161902,0.258833
0.132098,0.230660
0.131386,0.230131
0.132871,0.231553
0.132891,0.231456
0.131798,0.230325
0.132778,0.231281
0.132633,0.231480
0.133977,0.267621
0.133177,0.231949
0.133026,0.231288
0.163951,0.262859
0.134171,0.233017
0.133736,0.232404
0.132758,0.231571
0.132616,0.231129
0.133923,0.256220
0.133628,0.232291
0.133281,0.232365
0.133212,0.232287
0.132803,0.231570
0.133077,0.232307
0.133920,0.232841
0.133829,0.232591
0.133221,0.232268
0.167142,0.264051
0.133820,0.233335
0.133467,0.232420
0.132590,0.231234
0.132820,0.231413
0.133118,0.231894
0.134085,0.232521
0.133551,0.232332
0.135593,0.258590
0.132495,0.231281
0.132720,0.231928
0.131729,0.230732
0.133024,0.232400
0.131951,0.230604
0.133053,0.231324
0.132654,0.231751
0.134567,0.259984
0.133566,0.232135
0.132876,0.231244
0.132615,0.231669
0.131572,0.231259
0.134000,0.233990
0.137965,0.238826
0.150959,0.250103
0.132984,0.232426
0.166297,0.263420
0.163350,0.263415
0.132179,0.231242
0.133595,0.232143
0.133007,0.231750
0.133362,0.232299
0.133103,0.231755
0.133429,0.232302
0.170880,0.267590
0.132890,0.231897
0.131527,0.231004
0.131817,0.230101
0.132774,0.231482
0.134002,0.232277
0.133371,0.232234
0.133104,0.232421
0.132695,0.257766
0.133065,0.231716
0.131874,0.230395
0.132732,0.231544
0.132821,0.231894
0.132860,0.231474
0.165504,0.264479
0.134516,0.233115
0.134305,0.233002
0.155958,0.254615
0.132751,0.231576
0.132800,0.231734
0.134254,0.232934
0.133320,0.232286
0.133005,0.231361
0.133604,0.232421
0.133248,0.232214
0.168030,0.264788
0.133230,0.232098
0.133608,0.232037
0.133782,0.232391
0.132684,0.231375
0.132916,0.231823
0.133380,0.232768
0.133622,0.232156
0.134492,0.256956
0.132928,0.231963
0.133049,0.231702
0.133679,0.233065
0.131922,0.231229
0.132601,0.231268
0.132486,0.231428
0.132912,0.231358
0.134059,0.257419
0.132927,0.231736
0.133212,0.231540
0.133237,0.232018
0.132274,0.232112
0.131980,0.230886
0.132966,0.231835
0.132795,0.231121
0.133246,0.232268
0.163484,0.260976
0.132711,0.231790
0.133232,0.232141
0.132831,0.233966
0.163319,0.262447
0.132361,0.230832
0.133320,0.232308
0.133207,0.231799
0.133839,0.256630
0.133765,0.232888
0.133141,0.231473
0.132113,0.230937
0.132058,0.231269
0.131629,0.229827
0.134098,0.233258
0.132758,0.231268
0.134966,0.263065
0.132266,0.230783
0.132354,0.230881
0.132267,0.230895
0.132525,0.231418
0.133173,0.231573
0.132101,0.230923
0.133396,0.231792
0.134363,0.232784
0.169173,0.265843
0.131653,0.230112
0.131355,0.229925
0.132109,0.230891
0.133637,0.232515
0.132636,0.230933
0.133392,0.232413
0.133805,0.232650
0.133191,0.255915
0.130810,0.229619
0.130994,0.229830
0.131675,0.230380
0.132525,0.231187
0.132456,0.231147
0.133254,0.232099
0.133824,0.232259
0.134054,0.256864
0.146814,0.263891
0.177987,0.294891
0.147812,0.265005
0.148691,0.266455
0.149151,0.266359
0.148154,0.265242
0.175541,0.272350
0.131642,0.230609
0.131608,0.230259
0.132567,0.231043
0.132968,0.232133
0.133050,0.232044
0.133334,0.231668
0.133256,0.231602
0.133827,0.260078
0.133170,0.231511
0.133165,0.231629
0.133891,0.232039
0.134031,0.232962
0.132929,0.231543
0.133696,0.232421
0.134667,0.233615
0.133633,0.231663
0.164627,0.262641
0.133052,0.231941
0.134242,0.233087
0.134366,0.233258
0.133167,0.231521
0.133575,0.232316
0.132774,0.231171
0.133805,0.233555
0.168628,0.265532
0.133319,0.231524
0.134208,0.232641
0.134274,0.232509
0.132626,0.231718
0.132987,0.231546
0.133391,0.231707
0.133025,0.231143
0.133049,0.263220
0.163263,0.262177
0.133502,0.231920
0.134262,0.232975
0.132011,0.230874
0.133326,0.231893
0.133233,0.232506
0.132911,0.231823
0.134433,0.262358
0.132755,0.230924
0.133160,0.232193
0.135216,0.234211
0.133057,0.232141
0.133614,0.232484
0.132761,0.231492
0.133399,0.231960
0.132665,0.231851
0.168441,0.265696
0.133122,0.231949
0.132762,0.231836
0.132303,0.231009
0.132870,0.231768
0.132932,0.231502
0.133323,0.232019
0.133180,0.232114
0.133936,0.258534
0.132530,0.231474
0.131862,0.230776
0.132438,0.231332
0.132573,0.231510
0.132959,0.231607
0.132899,0.231552
0.132748,0.232422
0.134276,0.260571
0.133570,0.232337
0.131513,0.230030
0.132289,0.230827
0.133685,0.233104
0.133487,0.232128
0.133062,0.232151
0.133396,0.232138
0.164217,0.263634
0.162836,0.260781
0.132380,0.232393
0.134060,0.233715
0.132403,0.231653
0.132770,0.232045
0.133645,0.233063
0.133394,0.233563
0.136862,0.236431
0.164384,0.261020
0.132566,0.231390
0.133707,0.232723
0.133984,0.232801
0.135402,0.234447
0.132867,0.232177
0.132788,0.231558
0.133960,0.233344
0.134354,0.256622
0.133377,0.232623
0.132840,0.231826
0.133652,0.232759
0.134436,0.233988
0.133387,0.232649
0.134866,0.233542
0.133456,0.232706
0.134295,0.233426
0.156248,0.255345
0.132914,0.231676
0.133929,0.233147
0.134705,0.233180
0.133479,0.232346
0.133745,0.233213
0.132844,0.231357
0.135010,0.233594
0.164566,0.262059
0.134648,0.233898
0.134228,0.233668
0.131666,0.230495
0.134850,0.234384
0.134131,0.233490
0.164783,0.263671
0.133994,0.232707
0.133816,0.256083
0.133248,0.232238
0.133724,0.232671
0.133619,0.232715
0.132955,0.231791
0.132195,0.230700
0.135624,0.234572
0.133756,0.232423
0.134947,0.264854
0.133512,0.232601
0.133741,0.232661
0.133743,0.233286
0.133341,0.232558
0.132468,0.231378
0.133616,0.233746
0.132932,0.231580
0.135230,0.234204
0.165750,0.262925
0.132800,0.231267
0.132530,0.231161
0.133209,0.231866
0.133635,0.232312
0.133766,0.232489
0.133789,0.232593
0.134626,0.233829
0.134873,0.257733
0.134206,0.232837
0.132658,0.231895
0.131720,0.230796
0.132034,0.231324
0.133204,0.231945
0.134683,0.233739
0.135128,0.234073
0.133681,0.262080
0.132301,0.230837
0.134752,0.233737
0.133760,0.232836
0.132836,0.231693
0.162353,0.261520
0.132988,0.232082
0.132829,0.231572
0.135525,0.236292
0.161824,0.258952
0.133305,0.232309
0.133557,0.232787
0.133787,0.232656
0.133769,0.233214
0.133182,0.232460
0.133917,0.232945
0.133900,0.232507
0.134115,0.263510
0.135621,0.234461
0.133596,0.232442
0.133533,0.234694
0.133140,0.232089
0.133027,0.232029
0.136481,0.235887
0.134063,0.233197
0.133393,0.256194
0.150918,0.249927
0.133929,0.232911
0.134713,0.234309
0.132662,0.231605
0.132864,0.231338
0.133319,0.232227
0.133060,0.231984
0.133894,0.233087
0.167878,0.265185
0.132988,0.231781
0.133826,0.233017
0.132866,0.232098
0.132933,0.232303
0.132796,0.231246
0.132907,0.231896
0.133570,0.234470
0.164894,0.262011
0.133719,0.232694
0.133161,0.232286
0.162803,0.261640
0.133031,0.232835
0.132308,0.230996
0.133354,0.232191
0.133446,0.232313
0.134462,0.257932
0.133968,0.233127
0.131189,0.230114
0.133091,0.232054
0.133177,0.232003
0.133232,0.231979
0.133993,0.233117
0.132979,0.231582
0.133394,0.232266
0.163428,0.261190
0.132897,0.232162
0.133148,0.232403
0.131828,0.230815
0.133532,0.232344
0.132619,0.231585
0.134624,0.233567
0.134583,0.233967
0.169692,0.266554
0.131357,0.230840
0.133021,0.231835
0.132219,0.231499
0.133095,0.232827
0.132822,0.232277
0.133537,0.232423
0.133571,0.232841
0.134757,0.257864
0.133560,0.232558
0.133087,0.231624
0.134660,0.233634
0.133792,0.233159
0.132599,0.233847
0.133081,0.232257
0.133194,0.232151
0.134448,0.262849
0.149477,0.268348
0.178543,0.296706
0.149453,0.267024
0.148872,0.267015
0.149389,0.267271
0.149502,0.268330
0.149634,0.271430
0.133222,0.232121
0.133006,0.231990
0.133875,0.232428
0.134240,0.233184
0.133105,0.231956
0.133078,0.231637
0.133108,0.232284
0.133662,0.261567
0.133470,0.232891
0.133208,0.232041
0.133678,0.232433
0.133664,0.232880
0.132225,0.230957
0.133984,0.232985
0.133482,0.232266
0.133092,0.232373
0.168177,0.265847
0.133903,0.232521
0.159891,0.266849
0.143094,0.249178
0.134500,0.232973
0.142267,0.244184
0.133662,0.238784
0.142479,0.248251
0.180277,0.280148
0.151606,0.251472
0.146128,0.247398
0.134553,0.240349
0.144642,0.246687
0.136892,0.238030
0.138329,0.238420
0.142696,0.247941
0.170496,0.310275
0.137880,0.246883
0.149533,0.249200
0.150373,0.251088
0.144676,0.247624
0.133272,0.236822
0.160392,0.261970
0.140580,0.240963
0.146242,0.245165
0.159380,0.257147
0.133395,0.232255
0.134349,0.234688
0.134496,0.233612
0.133453,0.233442
0.133660,0.232729
0.133718,0.232322
0.135964,0.235773
0.178270,0.275303
0.151550,0.250778
0.136260,0.238483
0.134951,0.235477
0.139627,0.239759
0.139620,0.240691
0.134083,0.232562
0.134167,0.237726
0.154657,0.284278
0.156633,0.256900
0.139859,0.239949
0.135407,0.235797
0.136108,0.235253
0.132588,0.231149
0.133591,0.232770
0.132589,0.231067
0.136336,0.261259
0.132777,0.231837
0.132494,0.231321
0.140544,0.240996
0.131683,0.230934
0.133191,0.232350
0.162815,0.262307
0.132984,0.232688
0.132373,0.230770
0.162424,0.259945
0.134270,0.232925
0.131192,0.230360
0.131577,0.231045
0.132491,0.231683
0.133270,0.232261
0.133872,0.232650
0.132800,0.231648
0.134320,0.257754
0.132949,0.231708
0.131797,0.231050
0.132263,0.231199
0.132233,0.231556
0.133860,0.233085
0.131997,0.230935
0.133153,0.232981
0.134456,0.257922
0.132207,0.231398
0.131688,0.230148
0.131184,0.229860
0.133250,0.232684
0.132864,0.232044
0.132652,0.232133
0.132692,0.231397
0.133547,0.232675
0.162644,0.260105
0.132066,0.230584
0.132385,0.231572
0.132662,0.231743
0.132662,0.231815
0.133308,0.233522
0.136030,0.234691
0.133025,0.231992
0.133796,0.262960
0.132635,0.231242
0.132992,0.232612
0.132689,0.231827
0.163905,0.263087
