starttransfer,total
0.135891,0.230609
0.158783,0.251959
0.127018,0.221686
0.129824,0.224248
0.126353,0.221400
0.128204,0.222841
0.130808,0.225186
0.126227,0.220308
0.127646,0.222031
0.128219,0.246815
0.127458,0.221907
0.126460,0.221126
0.125145,0.220330
0.157465,0.252505
0.127154,0.222121
0.127687,0.221617
0.128133,0.222530
0.126857,0.251755
0.130181,0.224741
0.127177,0.223696
0.126376,0.221461
0.127253,0.222571
0.127700,0.223223
0.129085,0.224128
0.129029,0.224908
0.128441,0.223384
0.161823,0.255416
0.126783,0.222975
0.126227,0.220423
0.126479,0.221572
0.126377,0.223182
0.127491,0.222815
0.128170,0.223172
0.127081,0.220966
0.127811,0.252406
0.126758,0.225165
0.128523,0.223273
0.126047,0.220849
0.126772,0.221094
0.127726,0.222103
0.126918,0.221411
0.126720,0.220718
0.128707,0.257971
0.128322,0.222193
0.126297,0.221174
0.125703,0.219751
0.126215,0.220561
0.126644,0.221263
0.127620,0.221982
0.126974,0.221137
0.128187,0.222864
0.158707,0.252296
0.125566,0.219826
0.125550,0.219750
0.126360,0.220300
0.159029,0.252912
0.128302,0.223293
0.127122,0.221987
0.128077,0.222906
0.128283,0.252149
0.125194,0.219748
0.125865,0.221240
0.125261,0.220502
0.127168,0.221727
0.127306,0.222114
0.126572,0.220860
0.128263,0.223240
0.129447,0.226764
0.130617,0.225585
0.127280,0.222157
0.126041,0.221272
0.127652,0.222236
0.127897,0.222802
0.126880,0.221361
0.128371,0.223296
0.128587,0.223462
0.160121,0.254092
0.159940,0.254597
0.127380,0.221461
0.128335,0.224236
0.128879,0.223365
0.127421,0.222175
0.127805,0.223007
0.127688,0.221558
0.128739,0.248015
0.126839,0.221490
0.127825,0.223227
0.127841,0.222583
0.129213,0.223592
0.127115,0.221932
0.127604,0.222357
0.127068,0.221463
0.131396,0.226431
0.157695,0.250864
0.126870,0.221127
0.127864,0.222411
0.127805,0.222473
0.127123,0.222051
0.127404,0.222400
0.127160,0.221640
0.127776,0.222306
0.164754,0.257494
0.127437,0.222118
0.127277,0.221648
0.130237,0.225463
0.126887,0.222177
0.127553,0.223260
0.127184,0.221583
0.128355,0.222650
0.128968,0.253660
0.128376,0.222519
0.128017,0.222781
0.127979,0.223550
0.127341,0.221807
0.127299,0.221479
0.126719,0.221124
0.127511,0.223346
0.127266,0.222152
0.194452,0.287781
0.127743,0.223065
0.127186,0.221962
0.127337,0.222224
0.126486,0.221044
0.127584,0.222326
0.127568,0.221607
0.127474,0.222438
0.159147,0.253259
0.127834,0.223209
0.127639,0.222263
0.128491,0.223362
0.126711,0.221066
0.126723,0.221342
0.126920,0.221553
0.128476,0.223132
0.128175,0.246493
0.126459,0.220265
0.127642,0.222934
0.128591,0.224180
0.126879,0.221883
0.127004,0.221318
0.126924,0.221401
0.129002,0.223950
0.128075,0.223144
0.155586,0.248843
0.127531,0.222390
0.127538,0.222084
0.127330,0.221953
0.126699,0.221164
0.126468,0.221464
0.128441,0.225333
0.132951,0.228485
0.172588,0.265661
0.144127,0.244704
0.131728,0.226910
0.150530,0.244830
0.126817,0.220798
0.129612,0.226211
0.136394,0.230727
0.127069,0.224111
0.143756,0.270960
0.172583,0.284225
0.144012,0.258086
0.140706,0.252415
0.141130,0.252792
0.126609,0.221778
0.141508,0.253991
0.173078,0.267743
0.127527,0.222559
0.127403,0.221867
0.125675,0.220165
0.127815,0.222749
0.128097,0.225572
0.128113,0.222690
0.126867,0.221014
0.127561,0.248227
0.128903,0.223607
0.128441,0.225595
0.127943,0.223449
0.125438,0.219722
0.127227,0.222569
0.128529,0.222839
0.128214,0.224768
0.128129,0.223505
0.160742,0.254394
0.126981,0.222497
0.130470,0.225149
0.128054,0.225121
0.126773,0.221262
0.127447,0.222416
0.127068,0.221531
0.129610,0.223689
0.165317,0.259280
0.128012,0.222506
0.128421,0.223421
0.126104,0.221238
0.127610,0.221759
0.127076,0.221538
0.128462,0.223409
0.127956,0.224350
0.127310,0.245775
0.127674,0.222297
0.159687,0.255213
0.127340,0.222280
0.126288,0.221590
0.126517,0.221127
0.126398,0.221025
0.128148,0.223042
0.128774,0.223647
0.160146,0.253172
0.126569,0.221210
0.125810,0.219819
0.126096,0.221132
0.128409,0.223427
0.126310,0.220177
0.126914,0.221185
0.127463,0.221151
0.161370,0.255357
0.128592,0.222931
0.125369,0.219704
0.125633,0.219748
0.126586,0.221310
0.127655,0.222988
0.129000,0.223552
0.127505,0.222407
0.127016,0.244934
0.127803,0.222508
0.128435,0.224153
0.127070,0.222445
0.126101,0.220977
0.125573,0.220169
0.126838,0.221093
0.128137,0.223078
0.128740,0.223849
0.154790,0.247984
0.127695,0.222267
0.125661,0.219309
0.127742,0.222664
0.127901,0.222519
0.126396,0.220920
0.126581,0.221997
0.127564,0.221531
0.162803,0.256386
0.128390,0.223022
0.154926,0.249576
0.125062,0.219115
0.126024,0.219870
0.128111,0.223674
0.128146,0.222490
0.127039,0.221491
0.127012,0.246146
0.126777,0.221059
0.126495,0.222119
0.127062,0.222151
0.126004,0.219962
0.126579,0.221446
0.127986,0.222061
0.127786,0.223619
0.128403,0.223410
0.160799,0.253969
0.125530,0.220261
0.127550,0.221665
0.127136,0.221949
0.127752,0.222548
0.127388,0.221806
0.127650,0.222315
0.127419,0.221724
0.158152,0.251437
0.127517,0.222281
0.125498,0.219648
0.125498,0.219598
0.126565,0.220563
0.127511,0.223564
0.127608,0.222374
0.128502,0.222929
0.127956,0.247039
0.127830,0.222000
0.125817,0.220715
0.127305,0.222515
0.127141,0.223327
0.127700,0.222731
0.127711,0.223797
0.128461,0.224953
0.128445,0.223162
0.154561,0.247987
0.124943,0.219076
0.157778,0.252939
0.127509,0.224675
0.127940,0.222440
0.127520,0.222073
0.127405,0.221572
0.129108,0.223857
0.159181,0.253308
0.125608,0.220383
0.125755,0.220386
0.125574,0.220600
0.127851,0.222352
0.127189,0.223487
0.126828,0.221011
0.127777,0.222099
0.126472,0.249809
0.126318,0.220327
0.125905,0.222403
0.126434,0.221217
0.126510,0.221256
0.125689,0.220444
0.127751,0.222170
0.127041,0.223097
0.127946,0.221646
0.176605,0.270106
0.124676,0.218829
0.126495,0.221538
0.126455,0.222259
0.126738,0.220846
0.127128,0.221680
0.126950,0.221330
0.128697,0.223018
0.164117,0.257728
0.127160,0.221591
0.126985,0.221778
0.126859,0.221534
0.130281,0.224567
0.126634,0.225713
0.127603,0.221925
0.126778,0.221419
0.126522,0.244456
0.128285,0.222524
0.127799,0.224749
0.157965,0.251977
0.128573,0.222424
0.126336,0.220976
0.128088,0.223009
0.128077,0.224932
0.128547,0.223856
0.153943,0.247139
0.127382,0.221976
0.128364,0.223028
0.128407,0.224256
0.127464,0.221769
0.128662,0.223416
0.128052,0.222415
0.128792,0.223138
0.162976,0.257518
0.127939,0.222618
0.127871,0.222121
0.128491,0.223624
0.127486,0.222382
0.127163,0.223261
0.128236,0.223145
0.127828,0.222182
0.127523,0.245547
0.127758,0.222104
0.127742,0.223306
0.128484,0.223225
0.126588,0.220854
0.125974,0.220512
0.128232,0.222271
0.127733,0.223535
0.128083,0.223001
0.162180,0.255688
0.127788,0.222371
0.128323,0.222845
0.128627,0.224254
0.130722,0.224709
0.127033,0.220965
0.127539,0.222670
0.128605,0.222787
0.165380,0.259168
0.127018,0.221123
0.127559,0.222128
0.158781,0.253328
0.127574,0.223148
0.126890,0.223335
0.127424,0.221901
0.127931,0.222699
0.128026,0.246055
0.128481,0.222607
0.127360,0.222743
0.128642,0.222866
0.126336,0.221010
0.126270,0.220500
0.127550,0.221594
0.128707,0.225129
0.128361,0.222747
0.175546,0.268996
0.126306,0.220916
0.127602,0.221676
0.127240,0.223055
0.127970,0.221871
0.128152,0.222443
0.126935,0.221725
0.128942,0.223192
0.159006,0.253613
0.127683,0.222728
0.127598,0.222358
0.126173,0.220778
0.127378,0.222132
0.127311,0.223796
0.128213,0.223019
0.128381,0.222916
0.128131,0.252267
0.127582,0.221455
0.128074,0.223858
0.127447,0.221856
0.128492,0.223048
0.125903,0.220267
0.127847,0.222613
0.127082,0.222686
0.131104,0.225981
0.155798,0.249274
0.126888,0.221483
0.128269,0.223374
0.156240,0.253030
0.128298,0.223016
0.126396,0.220685
0.126901,0.221588
0.129573,0.224062
0.163844,0.257543
0.127715,0.222279
0.128361,0.223126
0.124664,0.219411
0.127025,0.221941
0.126574,0.222307
0.128394,0.223377
0.127897,0.222450
0.126772,0.244636
0.127247,0.221222
0.127777,0.223639
0.126585,0.221031
0.126616,0.221345
0.125967,0.220298
0.127467,0.221778
0.127261,0.224302
0.128589,0.224181
0.155242,0.248115
0.126731,0.221617
0.126989,0.221235
0.126749,0.222601
0.127036,0.221098
0.126802,0.221785
0.127145,0.221773
0.128419,0.222674
0.161915,0.256235
0.127955,0.222423
0.126596,0.221090
0.127221,0.222363
0.127673,0.222416
0.128300,0.224941
0.128797,0.224401
0.131092,0.226813
0.132775,0.260624
0.132991,0.229763
0.131198,0.228563
0.127429,0.223639
0.156285,0.251577
0.129376,0.224651
0.129224,0.224513
0.128077,0.225043
0.129530,0.225090
0.155830,0.248894
0.125091,0.219897
0.127276,0.222016
0.127272,0.224471
0.127374,0.221592
0.127246,0.221453
0.127566,0.222086
0.128889,0.224837
0.165373,0.259791
0.126147,0.220380
0.126069,0.220983
0.125296,0.221091
0.127538,0.222164
0.127875,0.223791
0.128485,0.222489
0.127442,0.222393
0.127612,0.247095
0.128580,0.222743
0.126816,0.223384
0.126557,0.220304
0.126538,0.221712
0.127166,0.222225
0.128048,0.222318
0.128536,0.225355
0.128726,0.223224
0.157694,0.251086
0.126264,0.223798
0.129571,0.223291
0.126968,0.222914
0.127630,0.223043
0.126793,0.222028
0.127501,0.223241
0.129020,0.222733
0.128541,0.249196
0.126231,0.221092
0.125646,0.220491
0.125926,0.220645
0.157411,0.252215
0.126946,0.223736
0.128717,0.224088
0.128652,0.222731
0.127879,0.246735
0.128131,0.223329
0.126973,0.223075
0.129144,0.224034
0.128659,0.223991
0.127784,0.222668
0.127508,0.222375
0.127702,0.223493
0.129381,0.225403
0.165942,0.259277
0.127640,0.223141
0.128363,0.222909
0.129152,0.225472
0.128328,0.222986
0.128185,0.222355
0.128239,0.223983
0.127672,0.222474
0.128935,0.250280
0.129206,0.223995
0.128217,0.223380
0.127761,0.222811
0.128371,0.223632
0.127784,0.223948
0.128254,0.222732
0.127578,0.222346
0.128142,0.256036
0.127725,0.225522
0.128561,0.224291
0.129045,0.223473
0.128085,0.222778
0.126295,0.222392
0.128839,0.223244
0.127801,0.223379
0.128529,0.222897
0.159341,0.252353
0.127706,0.223379
0.130436,0.225034
0.131631,0.228015
0.159039,0.254947
0.128542,0.223763
0.127293,0.222082
0.128716,0.222865
0.128793,0.256367
0.128793,0.223967
0.128811,0.224100
0.129293,0.224300
0.127756,0.222962
0.127244,0.223832
0.129210,0.224470
0.128235,0.222954
0.128199,0.247980
0.127403,0.222371
0.128273,0.225143
0.129660,0.224738
0.127331,0.222369
0.126864,0.221724
0.127644,0.222530
0.128007,0.225041
0.129518,0.224243
0.157327,0.250983
0.126969,0.222126
0.127887,0.223356
0.126799,0.222793
0.128212,0.223382
0.127588,0.222084
0.127299,0.223024
0.127635,0.222959
0.130772,0.254981
0.128924,0.224496
0.127811,0.223741
0.125831,0.220248
0.141537,0.254535
0.142409,0.255368
0.142305,0.255586
0.143857,0.279031
0.142567,0.255893
0.127633,0.222895
0.128462,0.223603
0.127669,0.222154
0.157442,0.253344
0.143295,0.255747
0.128068,0.223054
0.128312,0.247624
0.127915,0.223533
0.129019,0.223783
0.129923,0.224771
0.127433,0.223176
0.127255,0.222225
0.127539,0.222448
0.128174,0.223704
0.130281,0.254473
0.126918,0.221564
0.127148,0.222610
0.128697,0.224393
0.128277,0.223636
0.129222,0.224524
0.127214,0.222299
0.126618,0.221506
0.128577,0.224105
0.159473,0.252608
0.128458,0.224077
0.127663,0.222609
0.126238,0.220961
0.127508,0.222021
0.127941,0.223526
0.128329,0.224195
0.127023,0.222005
0.130714,0.256067
0.127893,0.222885
0.127828,0.222947
0.127425,0.222844
0.126248,0.221553
0.126658,0.221224
0.128670,0.223853
0.127919,0.222856
0.128180,0.254121
0.127841,0.222615
0.127357,0.222743
0.128322,0.222944
0.126924,0.222218
0.127232,0.222366
0.157475,0.252119
0.127924,0.222880
0.129047,0.224172
0.168475,0.261466
0.127912,0.223077
0.127104,0.221825
0.125955,0.221632
0.126873,0.221600
0.127571,0.222236
0.128261,0.222714
0.127970,0.222777
0.127182,0.246540
0.129364,0.225074
0.128823,0.224169
0.127035,0.222002
0.127030,0.222408
0.126758,0.221704
0.127568,0.222315
0.127352,0.222291
0.128398,0.222637
0.150048,0.245296
0.127102,0.223031
0.127006,0.222069
0.127230,0.222384
0.128110,0.223089
0.127526,0.222404
0.127268,0.221829
0.130574,0.225886
0.159757,0.252948
0.128318,0.223013
0.125635,0.220873
0.126357,0.221537
0.128146,0.223628
0.127500,0.222678
0.128354,0.223694
0.127722,0.222895
0.127329,0.252609
0.128921,0.224611
0.126803,0.221656
0.126845,0.221854
0.125648,0.221425
0.127642,0.222286
0.159370,0.254865
0.128910,0.224838
0.127645,0.222976
0.153273,0.247780
0.125875,0.220411
0.126643,0.221970
0.125937,0.221188
0.136787,0.231597
0.127654,0.222807
0.128263,0.222869
0.128367,0.223835
0.158016,0.251724
0.127132,0.224561
0.124829,0.219582
0.127105,0.222062
0.126843,0.223061
0.126991,0.222300
0.127959,0.222793
0.128370,0.222891
0.128837,0.248313
0.127629,0.223526
0.126573,0.221878
0.126988,0.221891
0.127033,0.222627
0.127159,0.222552
0.127155,0.224857
0.128237,0.223285
0.128141,0.222733
0.155958,0.250110
0.126134,0.221451
0.126033,0.220769
0.127077,0.222231
0.128268,0.223456
0.127078,0.221641
0.127565,0.223494
0.127930,0.224160
0.175703,0.277190
0.129845,0.226819
0.147059,0.242085
0.126205,0.222102
0.127058,0.221888
0.126160,0.220196
0.158256,0.254899
0.127994,0.223831
0.129201,0.252694
0.126878,0.221306
0.127154,0.221473
0.128735,0.223660
0.127597,0.222069
0.126165,0.220276
0.126890,0.222117
0.127778,0.222808
0.127904,0.223107
0.154715,0.248549
0.127253,0.221912
0.127499,0.222013
0.127823,0.223390
0.127081,0.221662
0.127902,0.222284
0.127056,0.222072
0.127505,0.222672
0.159141,0.251451
0.127078,0.222312
0.127781,0.222251
0.126985,0.221540
0.128538,0.223791
0.129529,0.224616
0.127846,0.222807
0.126986,0.221638
0.127927,0.248822
0.127484,0.222727
0.128066,0.222492
0.128880,0.223850
0.128004,0.222388
0.126575,0.221455
0.127226,0.222262
0.127316,0.221928
0.128125,0.222804
0.161589,0.255381
0.127432,0.222664
0.129344,0.224611
0.128885,0.223821
0.126687,0.221372
0.127696,0.222762
0.158398,0.252785
0.128232,0.223162
0.161409,0.254488
0.127503,0.222149
0.128745,0.224164
0.128731,0.223198
0.127271,0.222450
0.127514,0.222479
0.127799,0.222491
0.126928,0.222239
0.127583,0.246295
0.127496,0.222504
0.127376,0.222230
0.127890,0.222702
0.126241,0.220935
0.126356,0.221293
0.127739,0.222210
0.127363,0.222599
0.127526,0.222083
0.162199,0.256119
0.127471,0.222312
0.128812,0.223896
0.126419,0.220968
0.128444,0.223233
0.127530,0.222488
0.127294,0.223218
0.128153,0.223228
0.159271,0.252971
0.131168,0.226039
0.127187,0.222677
0.126471,0.221244
0.127065,0.222076
0.126924,0.222127
0.126736,0.222313
0.127235,0.222313
0.128067,0.252334
0.127703,0.222554
0.127516,0.222708
0.127904,0.223138
0.126411,0.220744
0.126375,0.221597
0.128087,0.222571
0.157699,0.252680
0.127983,0.222946
0.154448,0.248573
0.131406,0.225886
0.129209,0.223933
0.125946,0.220682
0.126876,0.221499
0.126739,0.221740
0.127247,0.221879
0.128397,0.222959
0.158637,0.251877
0.126579,0.221248
0.127419,0.222160
0.126781,0.222355
0.127599,0.222922
0.127762,0.222838
0.127431,0.222772
0.127311,0.221725
0.127403,0.250952
0.128108,0.223696
0.129139,0.226065
0.129767,0.226162
0.142933,0.238439
0.126603,0.221606
0.128525,0.227310
0.132202,0.227184
0.128515,0.222942
0.157921,0.252231
0.127453,0.224804
0.127062,0.222300
0.126538,0.221104
0.128388,0.226876
0.127176,0.223112
0.126765,0.221202
0.131033,0.226045
0.167425,0.261873
0.139477,0.235569
0.126046,0.220993
0.131339,0.227649
0.129032,0.227814
0.141073,0.236021
0.132735,0.228216
0.171575,0.266570
0.128512,0.262875
0.127144,0.222664
0.130060,0.225633
0.126475,0.221375
0.130558,0.224928
0.126840,0.222618
0.128278,0.223124
0.127375,0.222193
0.128948,0.224046
0.161103,0.255159
0.126355,0.221175
0.126238,0.221676
0.127447,0.222044
0.126995,0.221372
0.126869,0.221844
0.127777,0.222442
0.128255,0.222584
0.157152,0.251631
0.126054,0.221737
0.128849,0.223829
0.157427,0.252207
0.127066,0.221577
0.126613,0.221755
0.127494,0.222855
0.126543,0.220860
0.128285,0.252460
0.140594,0.254153
0.141106,0.254528
0.141064,0.253492
0.141969,0.255284
0.141270,0.253148
0.142743,0.257330
0.166678,0.260466
0.127460,0.222770
0.126902,0.222811
0.126133,0.221159
0.127841,0.224498
0.127740,0.221963
0.126216,0.221173
0.127149,0.221609
0.128654,0.247543
0.129593,0.226029
0.126329,0.221444
0.126719,0.221870
0.126796,0.221737
0.127564,0.222430
0.131709,0.229169
0.132841,0.228329
0.128003,0.222476
0.153057,0.247199
0.126583,0.220542
0.128250,0.224095
0.126770,0.221081
0.127183,0.222152
0.126984,0.221653
0.128710,0.223098
0.129103,0.224588
0.159226,0.252275
0.125811,0.220395
0.128182,0.222144
0.128658,0.223144
0.157370,0.253015
0.126494,0.221470
0.127403,0.222083
0.127090,0.221541
0.128682,0.247133
0.127083,0.222915
0.126247,0.220239
0.125362,0.219472
0.126143,0.220761
0.127539,0.221592
0.127785,0.223423
0.127379,0.221753
0.127768,0.221792
0.151699,0.245488
0.125814,0.220033
0.127948,0.223005
0.128062,0.222686
0.127153,0.221997
0.126791,0.221428
0.127585,0.221833
0.129263,0.223774
0.159004,0.251367
0.126045,0.220113
0.126006,0.220153
0.126957,0.221282
0.127470,0.222828
0.127268,0.222183
0.127624,0.222238
0.126685,0.221251
0.127659,0.249934
0.130669,0.227483
0.137548,0.231860
0.127182,0.222620
0.126545,0.220756
0.127306,0.221017
0.127788,0.224096
0.128064,0.222265
0.128223,0.223245
0.153192,0.245847
0.129608,0.224355
0.127575,0.222482
0.127819,0.221866
0.157124,0.251062
0.126434,0.221420
0.128880,0.223716
0.128271,0.223675
0.159199,0.252397
0.127603,0.221765
0.127491,0.221505
0.128006,0.222540
0.127664,0.223579
0.127141,0.222585
0.127062,0.221657
0.127232,0.221001
0.128731,0.246790
0.127045,0.221913
0.128401,0.222839
0.127501,0.222459
0.127942,0.222856
0.127520,0.222363
0.127777,0.222764
0.128735,0.223323
0.128169,0.222706
0.154533,0.248102
0.127744,0.222063
0.128200,0.222907
0.129698,0.224509
0.126983,0.221090
0.126856,0.221142
0.128776,0.223422
0.128964,0.224195
0.165594,0.258745
0.127413,0.221836
0.125716,0.219940
0.128045,0.221987
0.127343,0.223364
0.127596,0.222007
0.126997,0.221355
0.127031,0.221272
0.129244,0.250768
0.128997,0.224306
0.128208,0.223752
0.127259,0.221945
0.126910,0.221281
0.158182,0.255721
0.144105,0.241212
0.154706,0.249288
0.127501,0.222821
0.154736,0.247663
0.127296,0.221862
0.127293,0.222624
0.126739,0.221195
0.126079,0.220129
0.127399,0.222488
0.128700,0.223688
0.127952,0.222537
0.162725,0.254871
0.126883,0.221222
0.127313,0.222146
0.126676,0.221252
0.126733,0.221424
0.126538,0.221138
0.126140,0.220278
0.126907,0.221400
0.128838,0.247363
0.127386,0.222363
0.127797,0.221434
0.127375,0.221401
