starttransfer,total
0.152659,0.254103
0.138402,0.244170
0.136751,0.235724
0.140126,0.238810
0.136359,0.236097
0.135731,0.235542
0.164391,0.260802
0.134982,0.234103
0.137299,0.235875
0.137892,0.239599
0.141261,0.242432
0.143466,0.243233
0.135897,0.239006
0.137241,0.236808
0.144294,0.278240
0.139624,0.240185
0.139434,0.238398
0.135882,0.234319
0.136242,0.235949
0.136553,0.236773
0.136219,0.238441
0.136280,0.235599
0.136834,0.259981
0.138451,0.238983
0.145152,0.247328
0.153967,0.256081
0.140941,0.244639
0.144407,0.245751
0.143540,0.244798
0.137119,0.236934
0.186110,0.285947
0.166736,0.267427
0.136844,0.236363
0.156397,0.256478
0.142342,0.242416
0.135674,0.234585
0.138027,0.238364
0.137176,0.236327
0.138920,0.238817
0.174504,0.272950
0.137436,0.237304
0.137783,0.239136
0.137367,0.237225
0.136743,0.236045
0.137066,0.235730
0.137370,0.236856
0.136760,0.236869
0.136603,0.269804
0.158229,0.257574
0.136806,0.238849
0.137406,0.237643
0.140230,0.240438
0.137680,0.237921
0.136339,0.235965
0.137149,0.236304
0.137756,0.237162
0.167208,0.266339
0.135985,0.234852
0.135500,0.236684
0.135500,0.234777
0.136584,0.236642
0.136231,0.234992
0.136366,0.235716
0.137001,0.236906
0.167545,0.265310
0.135966,0.235578
0.135346,0.234467
0.135511,0.234672
0.136827,0.236125
0.165933,0.264963
0.136278,0.236173
0.136297,0.235528
0.136304,0.259589
0.136857,0.236750
0.135677,0.234830
0.137838,0.238257
0.135322,0.234446
0.136552,0.235776
0.136399,0.235695
0.137227,0.236881
0.136943,0.261097
0.135023,0.234561
0.135659,0.234606
0.136572,0.235878
0.135880,0.236282
0.135756,0.236026
0.137152,0.236721
0.138074,0.237030
0.145960,0.245730
0.168630,0.266690
0.136779,0.236348
0.137375,0.236747
0.137240,0.236336
0.136366,0.235617
0.135052,0.233947
0.136494,0.236150
0.137198,0.236507
0.138614,0.266549
0.135123,0.234411
0.136085,0.235135
0.139109,0.238426
0.137580,0.237168
0.135391,0.234425
0.135821,0.235731
0.135836,0.235465
0.136824,0.266731
0.136078,0.234937
0.136265,0.235256
0.136459,0.235473
0.165619,0.264463
0.136715,0.236131
0.137178,0.236583
0.135551,0.234188
0.136369,0.235524
0.173121,0.271012
0.136869,0.236420
0.135618,0.235002
0.134908,0.233863
0.135993,0.235119
0.136906,0.236350
0.136693,0.235626
0.138015,0.237084
0.137534,0.259970
0.135722,0.235121
0.135860,0.235775
0.135978,0.235856
0.136376,0.236830
0.136614,0.235946
0.136929,0.236714
0.136431,0.235234
0.137517,0.261596
0.136327,0.235564
0.135274,0.234486
0.135698,0.234974
0.137335,0.236924
0.137051,0.236558
0.139176,0.238780
0.137274,0.237964
0.137283,0.236338
0.167069,0.265093
0.137028,0.236392
0.137533,0.236852
0.137951,0.237350
0.136249,0.235832
0.136626,0.235691
0.137296,0.236901
0.136140,0.235375
0.137031,0.260223
0.137034,0.236524
0.167133,0.266221
0.138149,0.237761
0.136845,0.236129
0.135861,0.234345
0.137150,0.236115
0.137507,0.236228
0.138786,0.266618
0.136721,0.236151
0.137949,0.239008
0.142243,0.241657
0.141364,0.242485
0.142789,0.243778
0.146226,0.247434
0.137571,0.238318
0.140623,0.239677
0.182432,0.279921
0.136312,0.239756
0.144369,0.247115
0.160714,0.262256
0.135925,0.239602
0.158914,0.271395
0.152407,0.255297
0.137848,0.240047
0.139596,0.264934
0.137366,0.241627
0.143790,0.242869
0.138406,0.239299
0.146016,0.249285
0.139534,0.238695
0.136693,0.239217
0.137466,0.236249
0.143880,0.276434
0.161940,0.280953
0.148512,0.268908
0.154303,0.272321
0.149716,0.268333
0.150845,0.269298
0.149876,0.266835
0.180499,0.306683
0.136864,0.236174
0.135052,0.235133
0.136141,0.234978
0.134963,0.233427
0.136179,0.234836
0.136221,0.235455
0.135616,0.235076
0.136364,0.259603
0.135074,0.234252
0.135945,0.234965
0.137463,0.236801
0.137730,0.238658
0.136755,0.236016
0.136396,0.235350
0.136781,0.235734
0.138337,0.237688
0.170754,0.269543
0.137851,0.237454
0.136310,0.235475
0.135537,0.234486
0.136234,0.235261
0.136599,0.236241
0.136946,0.236002
0.137374,0.238910
0.163041,0.260648
0.136443,0.235463
0.136048,0.235280
0.137594,0.236842
0.135033,0.233863
0.136031,0.235245
0.137300,0.236608
0.136104,0.237598
0.137765,0.263986
0.135555,0.234991
0.137142,0.236266
0.135418,0.234522
0.135582,0.236350
0.135967,0.235133
0.136453,0.235460
0.165943,0.265073
0.137944,0.237775
0.170318,0.269235
0.136758,0.236651
0.135013,0.233661
0.136287,0.235147
0.135686,0.234327
0.136176,0.235924
0.136577,0.235974
0.135975,0.235147
0.174198,0.271899
0.134552,0.233859
0.135969,0.236650
0.136804,0.235821
0.136061,0.235116
0.136426,0.235285
0.136505,0.235564
0.137254,0.237652
0.137697,0.263955
0.134782,0.233699
0.134710,0.233645
0.136908,0.235894
0.136406,0.236810
0.139271,0.239035
0.136752,0.236359
0.135338,0.234105
0.137372,0.236820
0.161914,0.261269
0.137346,0.237237
0.136308,0.235524
0.137184,0.236349
0.135729,0.235140
0.136005,0.235853
0.138302,0.237825
0.137682,0.236884
0.167963,0.265650
0.137333,0.236439
0.137169,0.237506
0.140156,0.239650
0.136277,0.235324
0.166548,0.265731
0.136450,0.235494
0.137374,0.237395
0.137794,0.267384
0.137102,0.236813
0.137649,0.237170
0.135326,0.234854
0.136281,0.236585
0.136099,0.235265
0.136220,0.235711
0.136058,0.234924
0.137063,0.237236
0.160042,0.259500
0.137726,0.237739
0.134878,0.234063
0.135693,0.234605
0.135951,0.235396
0.135239,0.235244
0.136095,0.235667
0.136031,0.236380
0.174972,0.272391
0.137344,0.236606
0.135954,0.235362
0.135224,0.234676
0.134778,0.233974
0.135104,0.234343
0.135812,0.234979
0.135172,0.234666
0.135566,0.264102
0.135901,0.235032
0.134608,0.233495
0.134833,0.233705
0.134465,0.233727
0.136126,0.235121
0.134518,0.234274
0.135794,0.234477
0.135450,0.234873
0.165523,0.264541
0.135243,0.233905
0.135409,0.234815
0.166371,0.265567
0.135074,0.234554
0.135115,0.234534
0.135895,0.235346
0.134976,0.233739
0.166075,0.263347
0.135713,0.234833
0.135055,0.234029
0.135427,0.234250
0.134884,0.233708
0.134694,0.233494
0.134396,0.233936
0.135474,0.234705
0.135798,0.258770
0.134129,0.232817
0.135856,0.234929
0.136744,0.235621
0.134423,0.234407
0.135758,0.234643
0.135399,0.234594
0.134802,0.233690
0.167351,0.266532
0.165004,0.264314
0.135672,0.234268
0.135732,0.234913
0.134739,0.233641
0.134748,0.233710
0.136011,0.235767
0.135492,0.234920
0.135573,0.234237
0.176190,0.273861
0.136921,0.235945
0.135773,0.235609
0.135593,0.235173
0.135300,0.234150
0.142861,0.242414
0.135393,0.235114
0.136991,0.237054
0.136685,0.264970
0.135698,0.234890
0.135315,0.234569
0.159432,0.258935
0.137723,0.238272
0.137876,0.237935
0.139438,0.239237
0.137268,0.236388
0.135542,0.234483
0.161677,0.260974
0.134280,0.233209
0.135646,0.235468
0.135946,0.235474
0.135523,0.234604
0.135487,0.235167
0.135692,0.234663
0.137101,0.235812
0.174409,0.272099
0.136145,0.234646
0.136511,0.236191
0.141970,0.240941
0.134979,0.235774
0.165652,0.264617
0.136685,0.235947
0.136569,0.236378
0.137215,0.266471
0.135710,0.234820
0.135952,0.234782
0.137174,0.235999
0.135509,0.235690
0.136780,0.236896
0.135625,0.235082
0.137191,0.236488
0.136207,0.235897
0.144313,0.244529
0.136176,0.235711
0.137622,0.236675
0.134661,0.233043
0.135799,0.234931
0.135556,0.235369
0.136313,0.235938
0.136205,0.235313
0.166959,0.264657
0.135926,0.235110
0.137783,0.237972
0.136086,0.235880
0.135899,0.235478
0.136018,0.235655
0.137271,0.237056
0.136511,0.236873
0.136632,0.262153
0.134661,0.233558
0.135351,0.234201
0.148808,0.247993
0.135459,0.235441
0.135919,0.234759
0.134922,0.234068
0.137275,0.237003
0.137953,0.260948
0.136516,0.236832
0.137026,0.236146
0.134696,0.233585
0.167082,0.265938
0.136206,0.235435
0.135893,0.235799
0.135682,0.234255
0.135108,0.234012
0.170328,0.267862
0.135409,0.234189
0.136097,0.235884
0.136468,0.235000
0.136937,0.235481
0.135648,0.234107
0.136442,0.235132
0.137467,0.237687
0.137380,0.260566
0.134248,0.232930
0.135601,0.234036
0.135815,0.234585
0.135406,0.235443
0.135761,0.234620
0.135211,0.234264
0.137254,0.235878
0.135521,0.259156
0.135041,0.234901
0.135584,0.234616
0.135584,0.234473
0.135532,0.234086
0.135359,0.234045
0.136236,0.236043
0.135349,0.234452
0.135691,0.234746
0.166579,0.264151
0.134696,0.233193
0.136440,0.236778
0.134676,0.233598
0.134905,0.233633
0.136388,0.235162
0.135475,0.233927
0.137324,0.237662
0.136344,0.259181
0.134530,0.233185
0.167832,0.266236
0.134719,0.232929
0.135755,0.235507
0.135053,0.234067
0.135516,0.234136
0.135868,0.234615
0.135775,0.264369
0.135731,0.235979
0.136350,0.235406
0.134753,0.233927
0.138233,0.239106
0.139741,0.239646
0.139444,0.240298
0.136557,0.235515
0.142548,0.242901
0.167100,0.264988
0.135553,0.234614
0.137435,0.236818
0.137014,0.236798
0.136033,0.235076
0.135658,0.235262
0.136060,0.235062
0.135697,0.235053
0.145176,0.278359
0.136428,0.237905
0.151865,0.250754
0.150592,0.249183
0.150799,0.251325
0.136010,0.238204
0.155787,0.254833
0.136922,0.235864
0.135861,0.259433
0.135111,0.235938
0.136187,0.234945
0.135808,0.234482
0.148907,0.268018
0.150207,0.267653
0.149626,0.267119
0.150649,0.268061
0.202469,0.300325
0.136096,0.234939
0.136035,0.234392
0.135895,0.235810
0.139128,0.238058
0.135900,0.235114
0.136263,0.234721
0.136561,0.235702
0.136308,0.266210
0.135234,0.234070
0.136094,0.236781
0.134764,0.233587
0.135339,0.233939
0.137337,0.236660
0.135664,0.234467
0.137522,0.236695
0.136257,0.261314
0.136413,0.235808
0.136960,0.236257
0.135237,0.233770
0.135993,0.235333
0.135806,0.235271
0.136777,0.236166
0.136186,0.235381
0.136763,0.236218
0.170391,0.268201
0.137343,0.236090
0.136210,0.234985
0.135362,0.234314
0.135680,0.234195
0.136104,0.235261
0.135587,0.234338
0.137041,0.235782
0.166528,0.263909
0.136358,0.235162
0.137491,0.236278
0.134789,0.233696
0.135996,0.234960
0.135271,0.234308
0.135792,0.234111
0.165542,0.264000
0.136224,0.264713
0.134634,0.233220
0.134349,0.233257
0.134679,0.232995
0.134810,0.233769
0.135921,0.235097
0.135589,0.234414
0.136153,0.235657
0.138781,0.238218
0.160592,0.260262
0.136556,0.235588
0.135964,0.235059
0.135403,0.234360
0.136110,0.234855
0.136769,0.236663
0.136014,0.234660
0.136315,0.234904
0.173094,0.270594
0.136727,0.235768
0.136897,0.235392
0.137651,0.236520
0.135554,0.234277
0.134796,0.233470
0.135880,0.234502
0.136166,0.235476
0.136819,0.259507
0.135277,0.233998
0.135212,0.233708
0.137099,0.236342
0.136146,0.235385
0.134920,0.233551
0.135584,0.234410
0.135560,0.233925
0.136551,0.235400
0.167490,0.266123
0.135275,0.233929
0.134598,0.233736
0.134531,0.233365
0.135869,0.234175
0.165920,0.264930
0.135591,0.234486
0.135892,0.234508
0.167875,0.265265
0.136089,0.234637
0.135645,0.234424
0.135079,0.233936
0.134926,0.234281
0.135140,0.234183
0.136219,0.235128
0.137361,0.236141
0.135229,0.257312
0.136580,0.235380
0.134008,0.232593
0.135186,0.234511
0.135375,0.234592
0.134523,0.233831
0.135445,0.233953
0.136215,0.235357
0.136468,0.235576
0.159840,0.258775
0.134564,0.233299
0.134509,0.232857
0.135208,0.234120
0.136391,0.235658
0.135745,0.234538
0.135835,0.234323
0.136253,0.235115
0.166926,0.264595
0.136534,0.235326
0.137248,0.235816
0.137038,0.235662
0.135440,0.235889
0.135632,0.235325
0.136727,0.235917
0.137197,0.236331
0.137061,0.269203
0.134978,0.233678
0.135481,0.234503
0.136316,0.235143
0.165537,0.265223
0.135829,0.234411
0.135297,0.233992
0.135806,0.234901
0.137176,0.236564
0.163573,0.262170
0.136395,0.235772
0.137205,0.235492
0.135037,0.234210
0.136843,0.235693
0.135994,0.234969
0.136177,0.235020
0.136560,0.235470
0.167905,0.265236
0.135885,0.234870
0.140516,0.239370
0.134664,0.233336
0.135174,0.233860
0.135304,0.234292
0.135495,0.234988
0.137144,0.236352
0.135831,0.264289
0.134492,0.232863
0.134667,0.233588
0.134980,0.234262
0.136001,0.234866
0.135271,0.233952
0.135753,0.234858
0.135824,0.235074
0.136457,0.235639
0.159277,0.257698
0.134102,0.234109
0.134777,0.233067
0.135313,0.234551
0.136394,0.235487
0.135148,0.234005
0.135700,0.234162
0.135392,0.233618
0.174253,0.271560
0.134030,0.232991
0.164851,0.263647
0.134515,0.233031
0.135278,0.233950
0.135268,0.234309
0.134862,0.234055
0.135888,0.234668
0.135501,0.264791
0.135653,0.234147
0.134906,0.233293
0.135507,0.234262
0.136936,0.235518
0.135611,0.234190
0.135910,0.235201
0.135885,0.235210
0.135516,0.234557
0.162261,0.260784
0.136619,0.235361
0.137531,0.235934
0.136100,0.234776
0.135341,0.233956
0.135184,0.233859
0.136316,0.235336
0.136298,0.234945
0.168238,0.265693
0.134681,0.233491
0.135789,0.234922
0.135130,0.233796
0.135099,0.233689
0.135217,0.234038
0.134785,0.233882
0.135297,0.237312
0.136654,0.259512
0.134545,0.232755
0.134859,0.233523
0.134531,0.233294
0.135765,0.234681
0.135290,0.233911
0.135776,0.235037
0.135352,0.234070
0.135963,0.235157
0.188635,0.287105
0.137262,0.236076
0.135116,0.233537
0.135213,0.234140
0.135200,0.233695
0.135304,0.233951
0.136554,0.236074
0.136465,0.235428
0.166725,0.264066
0.136218,0.234700
0.135221,0.234174
0.135326,0.234078
0.135067,0.233611
0.135061,0.233548
0.134822,0.233692
0.136998,0.236491
0.137552,0.260416
0.134228,0.232924
0.134423,0.233485
0.134904,0.233219
0.136743,0.235776
0.135783,0.235107
0.135517,0.234365
0.134974,0.234053
0.135715,0.234775
0.167431,0.266288
0.135177,0.233917
0.136212,0.234729
0.136409,0.235267
0.135216,0.235447
0.135342,0.234386
0.136293,0.235373
0.136477,0.235517
0.166966,0.264676
0.135662,0.234432
0.135678,0.234522
0.135401,0.233940
0.135050,0.234163
0.135805,0.234995
0.135898,0.235048
0.165820,0.264765
0.135743,0.264363
0.134913,0.233430
0.135820,0.234978
0.142555,0.242270
0.137298,0.236291
0.135908,0.234612
0.134695,0.233540
0.136109,0.235915
0.136728,0.235998
0.158147,0.256837
0.134922,0.233373
0.134828,0.233397
0.136323,0.235013
0.135958,0.234761
0.134426,0.233879
0.135705,0.234379
0.135762,0.234335
0.174804,0.272172
0.135497,0.234439
0.134578,0.233305
0.135279,0.233803
0.136703,0.237895
0.149530,0.256839
0.136988,0.236100
0.143581,0.248719
0.146638,0.281605
0.138588,0.237874
0.136448,0.235619
0.157873,0.262858
0.143519,0.247999
0.140859,0.248357
0.135510,0.234462
0.136676,0.237098
0.136853,0.236216
0.162303,0.260926
0.135451,0.233891
0.137398,0.237100
0.137833,0.237096
0.135907,0.235085
0.166249,0.265950
0.139988,0.241408
0.146794,0.246083
0.189301,0.286970
0.139753,0.239613
0.148523,0.248273
0.153104,0.252639
0.167100,0.271587
0.136856,0.240109
0.136227,0.237226
0.139964,0.239214
0.137586,0.260694
0.134809,0.233202
0.136192,0.235005
0.135326,0.234011
0.135016,0.234245
0.135766,0.234757
0.135530,0.234611
0.137536,0.237877
0.136388,0.235184
0.159581,0.258106
0.136635,0.235555
0.134980,0.234661
0.134983,0.233868
0.135040,0.234315
0.137706,0.236619
0.140226,0.239330
0.151054,0.269795
0.165766,0.264235
0.149903,0.269485
0.148915,0.267311
0.149236,0.267742
0.135293,0.233954
0.135615,0.234810
0.150715,0.269426
0.171572,0.268801
0.137357,0.236433
0.134642,0.233054
0.165777,0.265157
0.136025,0.235795
0.134913,0.234181
0.134874,0.234051
0.135631,0.234305
0.136797,0.260223
0.134605,0.233700
0.134984,0.233522
0.134836,0.234406
0.134573,0.233335
0.135733,0.234894
0.135055,0.234677
0.137007,0.235991
0.135117,0.263952
0.133809,0.232354
0.134231,0.233045
0.146330,0.245557
0.134895,0.233520
0.135117,0.233694
0.135157,0.233424
0.135077,0.233471
0.137148,0.235834
0.164921,0.262617
0.135321,0.234130
0.136261,0.235802
0.135457,0.234230
0.138516,0.237263
0.134839,0.233767
0.135633,0.235125
0.137824,0.236573
0.137054,0.261032
0.134824,0.233337
0.135358,0.234594
0.136989,0.235795
0.134393,0.233007
0.134685,0.233255
0.135236,0.234219
0.142085,0.241137
0.135364,0.264056
0.134769,0.233821
0.165328,0.264217
0.135363,0.234911
0.134301,0.233741
0.134884,0.233413
0.134456,0.233260
0.135751,0.234037
0.136983,0.235827
0.163876,0.262095
0.135506,0.234507
0.133857,0.232941
0.134770,0.233509
0.135899,0.234984
0.135003,0.235038
0.135334,0.234263
0.135531,0.234443
0.173046,0.270565
0.135617,0.234750
0.134387,0.233899
0.137854,0.236851
0.134357,0.232959
0.135742,0.234585
0.134984,0.234132
0.135518,0.234750
0.135481,0.261325
0.135742,0.234547
0.137506,0.235881
0.134867,0.233923
0.134136,0.233067
0.134481,0.233319
0.134732,0.233669
0.135184,0.233754
0.135753,0.234004
0.162252,0.260904
0.135767,0.235637
0.136008,0.235090
0.134443,0.232864
0.136276,0.235226
0.135033,0.234523
0.136279,0.235201
0.136076,0.234977
0.196748,0.293893
0.135015,0.233930
0.135600,0.234603
0.136465,0.235787
0.134804,0.233748
0.134984,0.233603
0.135565,0.234641
0.135053,0.234625
0.137111,0.264789
0.135715,0.234750
0.135445,0.233851
0.135080,0.233952
0.134489,0.233497
0.134996,0.234340
0.135044,0.233889
0.135560,0.234784
0.136765,0.235624
0.162510,0.261458
0.135670,0.235045
0.135601,0.235130
0.134742,0.234313
0.134444,0.233071
0.135123,0.234891
0.135850,0.235282
0.136952,0.235447
0.176901,0.273825
0.134795,0.234063
0.136895,0.236366
0.135025,0.233915
0.134028,0.232771
0.134780,0.233383
0.136553,0.236561
0.135262,0.234422
0.136341,0.259098
0.134915,0.233306
0.135931,0.234335
0.135792,0.235063
0.134683,0.234337
0.134657,0.233852
0.134620,0.233133
0.164264,0.263035
0.135899,0.235950
0.159763,0.258588
0.134241,0.233544
0.133726,0.232944
0.134509,0.232984
0.135279,0.234510
0.135654,0.234738
0.135484,0.234970
0.135113,0.234080
0.172565,0.269370
0.134946,0.233826
0.134848,0.234284
0.134553,0.233776
0.134687,0.234219
0.135368,0.234562
0.136250,0.235202
0.136119,0.235899
0.136372,0.265284
0.134115,0.232792
0.135412,0.233606
0.136703,0.235754
0.137467,0.236622
0.137525,0.236769
0.134945,0.233850
0.135185,0.233703
0.136323,0.235927
0.158466,0.257221
0.135001,0.234034
0.135595,0.234504
0.136497,0.234720
0.135457,0.234374
0.134856,0.234912
0.135146,0.234352
0.134714,0.233399
0.173244,0.270528
0.135445,0.234315
0.135945,0.236081
0.134679,0.233437
0.134520,0.233282
0.166093,0.265056
0.135320,0.234614
0.135698,0.235755
0.136246,0.263672
0.134921,0.233838
0.135292,0.233716
0.134894,0.234093
0.134524,0.234281
0.134743,0.233659
0.135298,0.234067
0.135944,0.234782
0.136856,0.235963
0.158301,0.257075
0.136862,0.235801
0.135057,0.234024
0.135468,0.234287
0.135337,0.234147
0.135860,0.235207
0.135427,0.234435
0.136425,0.235809
0.166838,0.265014
0.140174,0.238907
0.136336,0.235396
0.134267,0.232896
0.134573,0.233450
0.135305,0.234321
0.136308,0.235255
0.135231,0.235106
0.135923,0.264153
0.133863,0.232607
0.134243,0.232865
0.134950,0.233838
0.134724,0.233999
0.135107,0.234021
0.134958,0.234292
0.135475,0.234282
