starttransfer,total
0.153250,0.250655
0.139701,0.236921
0.140232,0.238003
0.142260,0.238996
0.140380,0.238165
0.141316,0.262818
0.140169,0.238606
0.140013,0.238026
0.138021,0.234627
0.139343,0.236432
0.139213,0.236112
0.138890,0.236205
0.139361,0.235835
0.140321,0.261084
0.139180,0.235746
0.140973,0.238286
0.140700,0.237842
0.138057,0.235367
0.138209,0.235510
0.138631,0.236440
0.140847,0.238836
0.141264,0.239511
0.163133,0.259762
0.172915,0.270532
0.138405,0.236293
0.139319,0.236600
0.139210,0.237313
0.138275,0.235589
0.139736,0.236737
0.139454,0.237695
0.169932,0.265829
0.139986,0.237968
0.138246,0.235811
0.138232,0.236484
0.138980,0.237144
0.139299,0.237282
0.140398,0.238481
0.139124,0.236760
0.139542,0.260695
0.137842,0.236213
0.138075,0.235590
0.139058,0.237513
0.141275,0.238625
0.138904,0.236842
0.139772,0.238114
0.139832,0.237470
0.140769,0.262453
0.137881,0.235368
0.137748,0.234668
0.140765,0.239206
0.141438,0.239128
0.139427,0.237151
0.138961,0.235869
0.138643,0.235879
0.140298,0.240229
0.171667,0.267878
0.140900,0.238515
0.139034,0.236547
0.140024,0.237364
0.140394,0.238196
0.138925,0.236466
0.139803,0.237374
0.138525,0.235707
0.199301,0.295734
0.139368,0.236973
0.139655,0.237423
0.139271,0.236980
0.138326,0.235469
0.138952,0.236301
0.139426,0.237648
0.140041,0.238528
0.140518,0.262013
0.138572,0.235312
0.139262,0.236283
0.137787,0.235109
0.139333,0.237118
0.138722,0.235496
0.138088,0.235243
0.138904,0.236100
0.139844,0.264709
0.139003,0.236465
0.140016,0.237490
0.137865,0.235379
0.140632,0.238939
0.138693,0.236563
0.138434,0.235643
0.138990,0.236194
0.139279,0.237352
0.167674,0.264242
0.137351,0.234550
0.138691,0.235997
0.138265,0.235782
0.139041,0.236385
0.143091,0.240869
0.138732,0.236409
0.138986,0.235722
0.170365,0.266623
0.136945,0.234461
0.138014,0.235749
0.136824,0.233488
0.139112,0.236662
0.138369,0.235584
0.139095,0.235944
0.170063,0.267504
0.139322,0.267185
0.137829,0.235694
0.139051,0.236408
0.138685,0.235896
0.140371,0.237883
0.139140,0.237277
0.138050,0.235664
0.138675,0.236923
0.138628,0.260141
0.138881,0.236685
0.139535,0.237184
0.138777,0.235656
0.139838,0.237677
0.138250,0.235862
0.138842,0.236036
0.139516,0.237123
0.139514,0.237197
0.173372,0.269334
0.139277,0.236742
0.140031,0.237375
0.138792,0.235941
0.138632,0.236257
0.141408,0.239810
0.139250,0.235562
0.139236,0.235946
0.169514,0.265534
0.139399,0.236940
0.140384,0.239920
0.137527,0.234200
0.137488,0.235127
0.139135,0.237292
0.139318,0.238198
0.139507,0.237082
0.139295,0.260443
0.139106,0.235978
0.139892,0.237806
0.137738,0.235083
0.139355,0.237265
0.137941,0.235112
0.169709,0.267302
0.139823,0.238132
0.139856,0.261679
0.139537,0.236942
0.138049,0.235492
0.138385,0.236112
0.138487,0.236739
0.138783,0.235908
0.140129,0.237749
0.140195,0.237495
0.140226,0.237579
0.172889,0.268523
0.137205,0.234108
0.139382,0.236976
0.138043,0.235349
0.140418,0.238498
0.139068,0.236794
0.139260,0.236189
0.140259,0.238203
0.170535,0.265742
0.139618,0.238180
0.139174,0.236697
0.140265,0.237529
0.141598,0.238502
0.138228,0.235002
0.139546,0.237266
0.139977,0.237372
0.140658,0.262906
0.140025,0.237910
0.138856,0.236340
0.140086,0.237587
0.139548,0.237445
0.139988,0.237487
0.139983,0.237519
0.138170,0.235140
0.141197,0.262642
0.139593,0.237606
0.140362,0.237761
0.141652,0.238499
0.138900,0.236922
0.170084,0.267668
0.139526,0.237186
0.140070,0.236800
0.141098,0.239727
0.176890,0.272516
0.139856,0.237807
0.141316,0.239108
0.139328,0.236817
0.140977,0.238057
0.139851,0.236980
0.139841,0.238228
0.141094,0.239337
0.173912,0.269773
0.140286,0.238082
0.139131,0.237113
0.138429,0.235863
0.139400,0.238026
0.138930,0.236192
0.141089,0.239406
0.139812,0.238239
0.140966,0.262627
0.140078,0.237751
0.137840,0.235465
0.139236,0.237424
0.139590,0.237677
0.139366,0.236881
0.140997,0.238206
0.139979,0.237899
0.140786,0.262341
0.139872,0.237612
0.138105,0.235715
0.138670,0.236697
0.139214,0.237364
0.139380,0.237354
0.139664,0.236948
0.139906,0.237080
0.140320,0.238384
0.167453,0.262957
0.138161,0.236490
0.138188,0.235710
0.169124,0.268309
0.139244,0.236983
0.138625,0.235531
0.139763,0.237072
0.140260,0.237883
0.170149,0.265273
0.138895,0.236496
0.139657,0.237768
0.139005,0.236409
0.138916,0.236708
0.138469,0.236159
0.139359,0.235840
0.140272,0.238275
0.140014,0.266183
0.139935,0.237509
0.139716,0.237298
0.139845,0.237421
0.138683,0.237340
0.138070,0.234707
0.139267,0.235996
0.139116,0.236648
0.139732,0.267337
0.168968,0.274129
0.152846,0.256587
0.146141,0.243518
0.140952,0.240298
0.140975,0.240165
0.143073,0.240272
0.141657,0.239541
0.142188,0.240163
0.180295,0.277655
0.142574,0.240269
0.139440,0.238147
0.141828,0.239260
0.138804,0.235902
0.137758,0.235078
0.140187,0.238805
0.140456,0.237717
0.179825,0.275031
0.169772,0.267084
0.137217,0.234916
0.141154,0.239187
0.140096,0.237784
0.138616,0.235573
0.139253,0.236593
0.138781,0.235867
0.140589,0.261683
0.138606,0.235930
0.138801,0.236427
0.136813,0.233830
0.138366,0.235542
0.139477,0.236904
0.139034,0.237782
0.139134,0.235815
0.139245,0.266259
0.138802,0.236746
0.145134,0.243411
0.141216,0.237772
0.149633,0.252693
0.146019,0.243907
0.138818,0.237809
0.144793,0.244685
0.142969,0.244637
0.184660,0.282694
0.145957,0.244145
0.138358,0.239667
0.140387,0.238795
0.152138,0.249836
0.143835,0.242961
0.138089,0.235335
0.138736,0.235532
0.170768,0.266854
0.138371,0.235694
0.142286,0.239410
0.138263,0.235624
0.137931,0.234664
0.138047,0.234730
0.138924,0.236001
0.140922,0.238169
0.170594,0.292225
0.138556,0.235693
0.138386,0.236473
0.138254,0.235082
0.139987,0.237281
0.138189,0.234796
0.138045,0.235482
0.138623,0.236440
0.140386,0.267504
0.139362,0.237662
0.137535,0.234680
0.138732,0.236105
0.140718,0.238254
0.139414,0.236530
0.139571,0.236418
0.139859,0.237185
0.139596,0.238131
0.170098,0.266311
0.143742,0.241248
0.139736,0.237029
0.138862,0.236456
0.139197,0.238330
0.138909,0.236977
0.139733,0.237772
0.140082,0.236151
0.140433,0.270367
0.139742,0.237242
0.139252,0.237132
0.141028,0.238251
0.141061,0.238664
0.139195,0.235809
0.140208,0.236867
0.139350,0.236961
0.141011,0.268328
0.139273,0.236399
0.139678,0.237056
0.141116,0.238639
0.139361,0.237413
0.139545,0.237088
0.138476,0.235991
0.169327,0.266506
0.139892,0.238363
0.162817,0.259594
0.138146,0.235701
0.140160,0.237058
0.139381,0.237279
0.138287,0.235888
0.137417,0.235024
0.140331,0.238107
0.140317,0.237752
0.173037,0.268366
0.138825,0.236457
0.139972,0.238737
0.142308,0.240991
0.148946,0.245732
0.164709,0.266518
0.162818,0.260570
0.138273,0.237113
0.138630,0.259489
0.139194,0.237060
0.183678,0.281455
0.138324,0.235778
0.140102,0.239790
0.138848,0.236242
0.139355,0.236053
0.139823,0.237450
0.140135,0.267321
0.145912,0.249802
0.139768,0.237742
0.141411,0.241665
0.166662,0.266035
0.146668,0.245498
0.144178,0.243568
0.140319,0.240351
0.153869,0.251369
0.172093,0.267335
0.139637,0.236973
0.139466,0.237207
0.140211,0.237571
0.141333,0.239610
0.139458,0.235952
0.139322,0.238864
0.139608,0.238214
0.177108,0.274429
0.139688,0.236727
0.139481,0.236945
0.141314,0.238859
0.138971,0.236527
0.139975,0.237235
0.139153,0.236644
0.138457,0.236452
0.139374,0.266842
0.139378,0.236762
0.140634,0.238465
0.139087,0.236561
0.138797,0.236013
0.138940,0.236048
0.139292,0.237827
0.170689,0.267345
0.140274,0.261734
0.140833,0.238120
0.138795,0.236198
0.138468,0.236615
0.138780,0.235684
0.139922,0.237286
0.140170,0.236689
0.140852,0.237546
0.140662,0.238335
0.168000,0.263533
0.141533,0.237970
0.137334,0.234091
0.137366,0.234686
0.139726,0.236687
0.138746,0.235857
0.139769,0.236510
0.139043,0.235845
0.170344,0.266292
0.137950,0.235671
0.138742,0.236212
0.138594,0.235298
0.139453,0.236323
0.137937,0.234907
0.139009,0.236270
0.138933,0.235906
0.140257,0.261108
0.137289,0.233825
0.138048,0.235715
0.137715,0.234871
0.139203,0.236819
0.139074,0.235114
0.138777,0.236070
0.138664,0.236499
0.139389,0.264233
0.139229,0.236519
0.139037,0.235225
0.139762,0.236594
0.139348,0.237704
0.137227,0.234793
0.168810,0.266707
0.139741,0.237186
0.139195,0.236756
0.174239,0.269566
0.139207,0.236808
0.140620,0.238376
0.138937,0.236489
0.138750,0.235561
0.138517,0.236476
0.139992,0.237980
0.140420,0.237972
0.173019,0.269106
0.138997,0.235131
0.139615,0.236825
0.138607,0.236551
0.139046,0.236186
0.139044,0.236211
0.138841,0.235837
0.139026,0.236446
0.140106,0.265959
0.139677,0.236929
0.140109,0.236965
0.137539,0.235390
0.138122,0.235565
0.137881,0.235538
0.139121,0.236241
0.138834,0.235759
0.139716,0.263253
0.149911,0.247268
0.139696,0.236905
0.138750,0.235532
0.138227,0.234816
0.138559,0.235768
0.139216,0.237094
0.138524,0.236292
0.138509,0.234970
0.167125,0.262633
0.139318,0.236211
0.137913,0.235947
0.138483,0.235687
0.168266,0.265285
0.140346,0.237550
0.138363,0.234762
0.138217,0.235388
0.169418,0.266055
0.136688,0.234033
0.138437,0.235244
0.137602,0.234481
0.137876,0.234009
0.137123,0.234344
0.137872,0.235075
0.139834,0.236628
0.139484,0.260416
0.138580,0.235509
0.138237,0.235378
0.140426,0.236969
0.141567,0.239278
0.139012,0.236176
0.137676,0.235026
0.138207,0.235597
0.139779,0.260141
0.139651,0.236157
0.137925,0.234474
0.139618,0.236497
0.139440,0.236413
0.138506,0.235118
0.140483,0.237522
0.138517,0.234460
0.138520,0.235371
0.173072,0.269226
0.139691,0.236068
0.140594,0.237881
0.137195,0.233504
0.138685,0.234926
0.139032,0.236123
0.140012,0.236660
0.143212,0.240554
0.167855,0.262687
0.138892,0.236411
0.138048,0.234673
0.168690,0.266978
0.161883,0.258678
0.139024,0.234843
0.139664,0.237903
0.155313,0.270313
0.175518,0.271488
0.153545,0.268291
0.152023,0.266834
0.154589,0.270839
0.138978,0.235657
0.138188,0.234563
0.153839,0.269478
0.179419,0.275083
0.139373,0.236264
0.139467,0.236285
0.138710,0.235878
0.153029,0.249823
0.139500,0.237160
0.137959,0.234980
0.139376,0.236527
0.138576,0.265772
0.138166,0.234868
0.137063,0.233915
0.137963,0.235654
0.139339,0.236224
0.138062,0.235114
0.138390,0.235236
0.139689,0.237648
0.140454,0.261463
0.139653,0.236410
0.137421,0.234444
0.138099,0.234159
0.138865,0.235889
0.137899,0.235256
0.140590,0.237313
0.139307,0.237429
0.138292,0.234308
0.171877,0.267626
0.137412,0.234236
0.168236,0.265511
0.139424,0.236331
0.138577,0.235376
0.138621,0.235703
0.139629,0.236372
0.140337,0.236769
0.167641,0.263043
0.138337,0.235182
0.139270,0.235477
0.140178,0.237224
0.141281,0.237753
0.137251,0.234330
0.138290,0.234822
0.138668,0.235844
0.140500,0.268397
0.138222,0.235116
0.137928,0.234681
0.138221,0.235134
0.137155,0.234493
0.137178,0.233946
0.138488,0.236136
0.137793,0.235034
0.140061,0.263060
0.136616,0.233249
0.139784,0.236763
0.139786,0.236398
0.136616,0.234239
0.137616,0.233919
0.139139,0.236190
0.139176,0.235741
0.139685,0.236319
0.164999,0.260662
0.137762,0.234261
0.139521,0.237534
0.138304,0.235557
0.138707,0.235092
0.138638,0.236250
0.137942,0.235265
0.139285,0.236086
0.168905,0.264229
0.169843,0.267168
0.138345,0.235762
0.136455,0.232415
0.137902,0.234729
0.136878,0.233314
0.139417,0.236698
0.138072,0.235540
0.139823,0.265781
0.137999,0.234593
0.137075,0.234155
0.138717,0.235046
0.138085,0.234426
0.137846,0.234541
0.137214,0.234195
0.138434,0.235364
0.140807,0.263722
0.137308,0.233888
0.137260,0.234356
0.136632,0.233633
0.136781,0.233908
0.138079,0.234317
0.136718,0.233272
0.139376,0.236562
0.140276,0.237401
0.172641,0.268283
0.137541,0.233867
0.137713,0.234531
0.137995,0.234535
0.138874,0.235945
0.138329,0.234995
0.138425,0.234414
0.138492,0.234664
0.170655,0.266620
0.138710,0.235304
0.137420,0.234086
0.139129,0.236267
0.138776,0.236212
0.144823,0.241634
0.138195,0.235262
0.138154,0.235460
0.169379,0.290344
0.137433,0.233577
0.138797,0.235281
0.140373,0.237140
0.137763,0.234869
0.138274,0.234819
0.138571,0.236472
0.139473,0.236397
0.139621,0.260649
0.138563,0.235024
0.139154,0.235211
0.139081,0.237062
0.139079,0.236433
0.138104,0.235246
0.137873,0.235770
0.139116,0.235962
0.139967,0.237540
0.172971,0.268017
0.139597,0.237453
0.139801,0.236259
0.138206,0.234311
0.138563,0.236021
0.139945,0.236373
0.139129,0.236212
0.139914,0.237533
0.174012,0.268927
0.137375,0.234362
0.138147,0.234798
0.138005,0.234679
0.138518,0.235791
0.138712,0.234225
0.139704,0.237088
0.139599,0.236008
0.139381,0.260163
0.138493,0.235082
0.138195,0.234238
0.138278,0.235379
0.138260,0.235096
0.138767,0.236254
0.138855,0.235876
0.169416,0.266658
0.140688,0.263240
0.138209,0.235439
0.138552,0.235274
0.139097,0.236196
0.138410,0.235682
0.137402,0.234849
0.139361,0.236332
0.138607,0.236085
0.138953,0.235432
0.173598,0.269333
0.137847,0.235916
0.137977,0.234208
0.138417,0.235268
0.138389,0.235318
0.139921,0.236376
0.138430,0.235069
0.138193,0.234343
0.169867,0.265553
0.139579,0.238862
0.148288,0.247211
0.142940,0.241533
0.138158,0.235064
0.139379,0.236593
0.137510,0.234822
0.139591,0.237102
0.138396,0.258668
0.139241,0.234922
0.139581,0.236881
0.139557,0.236971
0.155447,0.271429
0.154550,0.270259
0.153612,0.269117
0.155181,0.286831
0.154371,0.269702
0.139017,0.237062
0.139004,0.236538
0.138823,0.235725
0.140709,0.238156
0.184159,0.299918
0.138890,0.235859
0.138949,0.264862
0.139381,0.236845
0.141472,0.238809
0.140389,0.238025
0.138348,0.235286
0.139161,0.236293
0.138665,0.235358
0.141688,0.239289
0.140977,0.262460
0.137944,0.234638
0.143945,0.241747
0.141388,0.238797
0.139281,0.237279
0.137813,0.234827
0.138891,0.235606
0.138218,0.235887
0.140050,0.238226
0.163585,0.260018
0.138349,0.235145
0.138574,0.235744
0.138377,0.235335
0.139977,0.236997
0.138776,0.236732
0.139398,0.236646
0.139433,0.237522
0.175897,0.271942
0.139772,0.237189
0.136548,0.234073
0.137152,0.234430
0.138856,0.235335
0.138185,0.235934
0.138816,0.236356
0.139206,0.236700
0.138498,0.265779
0.138746,0.236037
0.138137,0.236208
0.138807,0.236932
0.137796,0.234971
0.167552,0.265305
0.138405,0.236141
0.138764,0.237123
0.140409,0.267905
0.138058,0.234605
0.135656,0.232359
0.136198,0.233304
0.137984,0.235864
0.138701,0.236242
0.138385,0.235639
0.138386,0.235613
0.139051,0.237082
0.164288,0.260383
0.139715,0.237777
0.139786,0.236836
0.139922,0.236627
0.138416,0.235817
0.138348,0.235908
0.139449,0.237185
0.139455,0.237340
0.169209,0.264426
0.140016,0.237725
0.139587,0.237135
0.140249,0.237869
0.137464,0.234828
0.137260,0.234382
0.139502,0.237553
0.139078,0.239332
0.141155,0.269228
0.139751,0.237136
0.138557,0.236758
0.139779,0.237639
0.138529,0.236951
0.142065,0.239916
0.139413,0.237033
0.138100,0.235160
0.140908,0.262094
0.138296,0.235801
0.139886,0.237825
0.137309,0.234497
0.167402,0.264806
0.139951,0.238177
0.138919,0.235982
0.138692,0.236336
0.138558,0.236485
0.165938,0.261471
0.140238,0.238224
0.137897,0.235736
0.140084,0.237554
0.138145,0.235374
0.138555,0.235488
0.139633,0.238086
0.140125,0.237658
0.171175,0.267908
0.137996,0.235568
0.136195,0.233303
0.138919,0.236958
0.138075,0.236141
0.139452,0.236798
0.139415,0.236718
0.139482,0.236818
0.140272,0.261233
0.136109,0.233754
0.137539,0.234839
0.137682,0.235223
0.138079,0.235869
0.139578,0.236532
0.138352,0.235340
0.138893,0.236828
0.139585,0.260555
0.138559,0.235936
0.137920,0.235366
0.138630,0.235668
0.141226,0.239353
0.138166,0.235896
0.140009,0.237614
0.140740,0.239503
0.138749,0.236257
0.166770,0.263759
0.137400,0.235386
0.169372,0.267153
0.141447,0.239508
0.137833,0.235920
0.139692,0.237743
0.139372,0.236993
0.140901,0.238890
0.169495,0.265400
0.138617,0.236627
0.141996,0.239439
0.138240,0.235841
0.137684,0.234457
0.137844,0.235090
0.138645,0.236642
0.139486,0.237106
0.139847,0.264410
0.137870,0.235118
0.138942,0.236529
0.136370,0.233962
0.137837,0.235434
0.138810,0.236226
0.137065,0.234264
0.139151,0.236779
0.141364,0.268213
0.138096,0.235622
0.139853,0.237401
0.139732,0.236987
0.137608,0.235861
0.138754,0.236002
0.138604,0.236002
0.139377,0.237651
0.138893,0.236048
0.166228,0.262258
0.138469,0.235488
0.137093,0.234105
0.136862,0.233320
0.137935,0.235029
0.139422,0.237653
0.139177,0.236810
0.138751,0.235356
0.179907,0.275904
0.167568,0.265150
0.137987,0.236301
0.141817,0.239508
0.137795,0.234800
0.138161,0.235341
0.138444,0.235473
0.139169,0.236961
0.137927,0.259508
0.138798,0.235895
0.139272,0.237418
0.139190,0.236355
0.139293,0.237898
0.138082,0.235445
0.138500,0.236166
0.138964,0.236343
0.140818,0.267527
0.138232,0.235365
0.138848,0.236296
0.138801,0.235989
0.140382,0.238136
0.138902,0.236362
0.138117,0.235562
0.137780,0.234782
0.140650,0.240366
0.166282,0.262148
0.139144,0.236509
0.140190,0.237745
0.137943,0.235325
0.138709,0.235999
0.139511,0.237245
0.138397,0.236180
0.139517,0.237403
0.175583,0.272387
0.138898,0.235986
0.139957,0.237337
0.137776,0.235484
0.138578,0.235911
0.138113,0.235455
0.139219,0.237295
0.138652,0.237040
0.170559,0.295662
0.140756,0.238614
0.139146,0.236592
0.138223,0.236382
0.139321,0.237422
0.138587,0.236029
0.138978,0.236816
0.138095,0.235131
0.139669,0.268202
0.139331,0.237439
0.138467,0.235728
0.138430,0.236267
0.138054,0.235683
0.138491,0.236228
0.141057,0.238900
0.139479,0.236709
0.139629,0.237262
0.167220,0.263494
0.138056,0.235735
0.138607,0.236266
0.137885,0.236268
0.140006,0.238176
0.170930,0.268285
0.138260,0.235235
0.140262,0.238395
0.178347,0.274559
0.139300,0.236668
0.138008,0.234604
0.139478,0.236940
0.141476,0.239299
0.137196,0.234740
0.142461,0.240436
0.139305,0.237131
0.139237,0.265612
0.139189,0.237019
0.138489,0.235882
0.139905,0.237350
0.139072,0.236575
0.138174,0.235289
0.139176,0.236616
0.138507,0.235540
0.138638,0.263170
0.138829,0.236677
0.138090,0.235335
0.139708,0.236557
0.137418,0.234962
0.139451,0.237569
0.138660,0.236015
0.137814,0.235038
0.139703,0.237793
0.172638,0.268346
0.139309,0.236384
0.138702,0.236609
0.138676,0.235807
0.138670,0.236295
0.138058,0.235602
0.139834,0.237205
0.139818,0.237612
0.175161,0.271937
0.138362,0.236230
0.138574,0.237226
0.168678,0.267342
0.138051,0.235629
0.138266,0.236467
0.138472,0.236306
0.138581,0.236434
0.140555,0.266342
0.137834,0.235048
0.137745,0.235518
0.137810,0.235385
0.138971,0.236596
0.138028,0.235352
0.137328,0.234340
0.138980,0.236328
0.139190,0.266038
0.138984,0.236935
0.138189,0.235347
0.137342,0.234731
0.137701,0.235767
0.138305,0.235282
0.138774,0.236395
0.138926,0.236467
