starttransfer,total
0.144091,0.243329
0.143323,0.265772
0.138251,0.236659
0.136742,0.234982
0.134665,0.233802
0.135157,0.233811
0.136467,0.234522
0.136860,0.235062
0.136086,0.234213
0.136179,0.258261
0.134310,0.233106
0.134184,0.232482
0.134664,0.232468
0.135383,0.233475
0.135299,0.233822
0.135155,0.233508
0.136398,0.234903
0.136876,0.234779
0.172827,0.270228
0.137485,0.236674
0.138346,0.237140
0.137367,0.235722
0.136917,0.235282
0.139516,0.237742
0.138619,0.238023
0.136984,0.237792
0.167059,0.263567
0.165632,0.264437
0.136703,0.234812
0.137742,0.236042
0.136154,0.234456
0.135578,0.233655
0.135146,0.234125
0.135911,0.234130
0.136018,0.263901
0.136260,0.234671
0.135045,0.233057
0.135397,0.234290
0.135513,0.233887
0.136435,0.235312
0.135850,0.234462
0.136288,0.234500
0.136548,0.265368
0.135319,0.233375
0.136615,0.235079
0.135639,0.234324
0.135989,0.234532
0.135520,0.234056
0.136241,0.234404
0.136608,0.235423
0.137425,0.236206
0.166485,0.263562
0.135573,0.233830
0.134851,0.232756
0.135151,0.234108
0.135762,0.234309
0.135564,0.234517
0.136752,0.235537
0.136670,0.235100
0.137048,0.260352
0.136811,0.235185
0.134459,0.232899
0.135560,0.233883
0.135555,0.233598
0.135142,0.234923
0.136421,0.234444
0.135969,0.234122
0.166448,0.288120
0.136743,0.235058
0.134811,0.233250
0.135658,0.234086
0.134941,0.233182
0.135284,0.233046
0.136758,0.234999
0.136538,0.234957
0.136651,0.235452
0.170274,0.268058
0.135454,0.233629
0.136617,0.234692
0.136699,0.234919
0.135742,0.234168
0.146775,0.245098
0.136119,0.234627
0.137041,0.235370
0.176323,0.274417
0.135472,0.234037
0.137043,0.235146
0.136942,0.235378
0.134936,0.232976
0.135582,0.233628
0.137725,0.236391
0.137332,0.235688
0.136364,0.264029
0.135314,0.233249
0.136824,0.235367
0.139212,0.237634
0.136722,0.235787
0.135603,0.234043
0.136001,0.234456
0.135398,0.234089
0.138257,0.267218
0.136547,0.235094
0.136816,0.235546
0.140162,0.238485
0.134742,0.233107
0.136466,0.234956
0.136284,0.234662
0.166273,0.264811
0.136490,0.234830
0.165441,0.262761
0.138164,0.236749
0.135687,0.233972
0.135866,0.234557
0.137018,0.235579
0.135415,0.233556
0.135866,0.234763
0.137901,0.236284
0.137863,0.266892
0.137497,0.235847
0.134499,0.232813
0.135638,0.234101
0.136244,0.234714
0.136666,0.235277
0.136214,0.234670
0.136287,0.234499
0.136958,0.259278
0.138363,0.237147
0.136237,0.234774
0.136789,0.234985
0.135997,0.234444
0.135646,0.234361
0.136066,0.234525
0.136985,0.235350
0.137427,0.235749
0.167622,0.264686
0.134466,0.232690
0.135814,0.234048
0.136251,0.234623
0.136780,0.235228
0.136135,0.234431
0.135993,0.234397
0.137343,0.235809
0.176920,0.273861
0.137063,0.235687
0.136099,0.234342
0.136337,0.234681
0.135101,0.232907
0.164913,0.263680
0.136318,0.234805
0.135984,0.234629
0.136585,0.263463
0.136430,0.234756
0.137218,0.235557
0.137960,0.236392
0.135629,0.234414
0.135728,0.234134
0.136468,0.234815
0.136770,0.235200
0.137664,0.265646
0.136099,0.234962
0.137010,0.235683
0.138195,0.236567
0.135613,0.234449
0.138585,0.237103
0.136151,0.234774
0.137797,0.236450
0.137288,0.235685
0.173403,0.270501
0.136383,0.234653
0.137202,0.235585
0.136959,0.235627
0.136611,0.234782
0.135365,0.233585
0.136754,0.235344
0.137171,0.235863
0.137925,0.265822
0.137643,0.236022
0.134384,0.232454
0.134864,0.232921
0.137006,0.235563
0.136101,0.235056
0.137256,0.235394
0.135842,0.234143
0.136766,0.258933
0.136639,0.235206
0.135027,0.233650
0.135420,0.234109
0.165314,0.263692
0.136377,0.234776
0.136558,0.235189
0.137297,0.235713
0.136640,0.234868
0.174394,0.272268
0.135855,0.234096
0.135876,0.234399
0.135251,0.233720
0.136566,0.234622
0.136560,0.234823
0.137394,0.235644
0.137600,0.235904
0.173917,0.270473
0.136479,0.234503
0.137164,0.235425
0.137284,0.235029
0.138056,0.236042
0.136439,0.234791
0.136170,0.234002
0.136594,0.234907
0.137269,0.263862
0.136448,0.234881
0.136486,0.234749
0.136731,0.234727
0.135016,0.233373
0.135642,0.234321
0.136779,0.235148
0.136431,0.234970
0.137997,0.266485
0.135599,0.233654
0.137333,0.235205
0.136900,0.235057
0.137587,0.235728
0.136941,0.235389
0.135875,0.234003
0.136341,0.234500
0.136483,0.234754
0.173316,0.270755
0.136857,0.235216
0.168078,0.266117
0.135805,0.234121
0.136547,0.235158
0.136692,0.235077
0.137103,0.235699
0.135568,0.233558
0.137064,0.262831
0.136772,0.235138
0.136844,0.235062
0.136841,0.235255
0.135034,0.233245
0.135209,0.233311
0.136513,0.235379
0.136573,0.234984
0.138123,0.260710
0.135969,0.233994
0.135378,0.233630
0.135628,0.234195
0.135781,0.234148
0.136692,0.234760
0.136317,0.234300
0.137595,0.236114
0.136994,0.235560
0.171550,0.268642
0.135842,0.233987
0.135242,0.233497
0.136641,0.234716
0.136940,0.235351
0.135578,0.233836
0.136456,0.234909
0.136180,0.234683
0.167103,0.265963
0.134914,0.233307
0.135103,0.233395
0.136712,0.234681
0.135264,0.233223
0.136834,0.235294
0.136242,0.234882
0.136816,0.235117
0.137539,0.260750
0.165917,0.264203
0.137485,0.235579
0.137339,0.235598
0.138102,0.236858
0.136785,0.235029
0.136170,0.234608
0.136427,0.234782
0.137438,0.266523
0.136718,0.234999
0.136859,0.234947
0.136916,0.235343
0.135771,0.234314
0.136489,0.234852
0.136815,0.235741
0.135804,0.234378
0.136306,0.234794
0.172994,0.269726
0.135930,0.234373
0.136651,0.235165
0.135578,0.233964
0.136273,0.234085
0.135916,0.234308
0.135811,0.234111
0.137221,0.235703
0.136037,0.257584
0.135709,0.233862
0.136379,0.234460
0.134603,0.233073
0.136165,0.234605
0.135299,0.233744
0.136861,0.238480
0.136198,0.234410
0.136399,0.261181
0.137300,0.235477
0.137343,0.235545
0.136030,0.234597
0.135530,0.233860
0.134957,0.233294
0.137182,0.235369
0.136508,0.234855
0.167396,0.265782
0.170674,0.267564
0.134748,0.233027
0.135327,0.233833
0.136165,0.234228
0.135843,0.233918
0.136407,0.235089
0.136765,0.235295
0.136224,0.233809
0.166471,0.263124
0.134447,0.231880
0.137231,0.235555
0.135973,0.234481
0.134893,0.233119
0.136403,0.234493
0.136582,0.234715
0.137786,0.236127
0.138091,0.264572
0.136225,0.234312
0.135958,0.234350
0.136111,0.234030
0.137833,0.236294
0.134914,0.233591
0.136268,0.234491
0.136612,0.235132
0.136700,0.265844
0.135283,0.233314
0.136142,0.233971
0.136070,0.234423
0.138453,0.238243
0.136143,0.234262
0.137745,0.235873
0.136546,0.234985
0.137244,0.235874
0.171641,0.267885
0.136845,0.235047
0.138147,0.236825
0.138802,0.237491
0.136433,0.234912
0.135798,0.233530
0.166451,0.264716
0.137144,0.235388
0.137181,0.259684
0.136373,0.234681
0.136533,0.234457
0.136090,0.234470
0.136688,0.234913
0.135335,0.232810
0.136491,0.234976
0.136025,0.233949
0.138343,0.265314
0.136154,0.234409
0.136328,0.237544
0.136187,0.234431
0.136774,0.234832
0.135412,0.233721
0.138027,0.236511
0.137328,0.236139
0.137459,0.235575
0.170811,0.268047
0.138554,0.236481
0.136196,0.234250
0.136156,0.234499
0.137712,0.235719
0.137297,0.235100
0.136348,0.234337
0.137084,0.235018
0.168586,0.264718
0.139341,0.237919
0.136153,0.234094
0.136776,0.235220
0.136650,0.234523
0.136583,0.234926
0.137735,0.235787
0.137441,0.234948
0.138039,0.262849
0.135349,0.233612
0.135993,0.234172
0.136447,0.234448
0.136078,0.233930
0.166430,0.264881
0.136995,0.235137
0.137212,0.235419
0.138117,0.260725
0.137256,0.235386
0.137561,0.235531
0.138300,0.236479
0.138014,0.236490
0.136401,0.234708
0.136606,0.234326
0.136727,0.234446
0.138057,0.236247
0.166689,0.264131
0.136770,0.234985
0.136843,0.235163
0.139448,0.237851
0.137435,0.235298
0.136754,0.234881
0.137742,0.236059
0.136059,0.234168
0.138166,0.263840
0.142199,0.240252
0.147151,0.253459
0.149600,0.255484
0.136591,0.236931
0.143401,0.241890
0.136683,0.238271
0.145433,0.244992
0.155977,0.279584
0.143717,0.250908
0.139961,0.244612
0.143871,0.242791
0.141953,0.242396
0.150451,0.249171
0.146298,0.248797
0.145622,0.249921
0.141042,0.240586
0.187365,0.286281
0.147943,0.252766
0.179944,0.285078
0.150074,0.250501
0.162120,0.262395
0.140968,0.240302
0.141843,0.240621
0.146480,0.252105
0.173661,0.274766
0.151869,0.254156
0.142071,0.240846
0.172082,0.271847
0.137194,0.236959
0.140758,0.239514
0.150694,0.256056
0.161822,0.262513
0.154748,0.280795
0.158868,0.257968
0.138245,0.237510
0.147891,0.251250
0.135950,0.239409
0.143162,0.242407
0.138006,0.236988
0.137469,0.235682
0.138808,0.268949
0.136468,0.235083
0.147277,0.247902
0.139685,0.240038
0.149103,0.248031
0.148319,0.252833
0.154659,0.253927
0.154473,0.253917
0.145842,0.245230
0.176213,0.280332
0.142833,0.242346
0.136478,0.235310
0.137241,0.240142
0.138157,0.236582
0.148669,0.253939
0.140660,0.239976
0.177125,0.278343
0.148869,0.272469
0.140894,0.241541
0.142823,0.249571
0.143332,0.244090
0.154516,0.255000
0.137796,0.238583
0.136782,0.236121
0.147579,0.252181
0.140910,0.266364
0.138447,0.238601
0.138467,0.237007
0.152790,0.253236
0.166256,0.270466
0.158773,0.264045
0.137244,0.237660
0.138565,0.236899
0.145061,0.245938
0.183756,0.288337
0.150801,0.256686
0.145182,0.247806
0.167649,0.271629
0.139654,0.240857
0.171619,0.275807
0.151744,0.250210
0.137763,0.236867
0.171053,0.267916
0.139577,0.239631
0.136690,0.235838
0.135899,0.234369
0.137008,0.236833
0.138814,0.237383
0.138110,0.236443
0.137089,0.235909
0.137799,0.259912
0.135293,0.234517
0.135888,0.234680
0.135746,0.234507
0.167821,0.267456
0.138411,0.237532
0.137188,0.235826
0.136608,0.236045
0.138172,0.262660
0.136683,0.235639
0.137405,0.235856
0.136703,0.235375
0.138244,0.238213
0.147522,0.246562
0.147172,0.249099
0.140116,0.240478
0.148823,0.254314
0.172443,0.275717
0.136892,0.235409
0.137471,0.236041
0.141019,0.241010
0.135538,0.234412
0.137188,0.236277
0.137147,0.236575
0.137986,0.236791
0.139816,0.263165
0.138183,0.237358
0.140113,0.239044
0.168949,0.267801
0.136418,0.235380
0.138038,0.236975
0.137235,0.235816
0.138350,0.237066
0.138493,0.267126
0.136406,0.235124
0.139371,0.238089
0.135617,0.234077
0.140692,0.239887
0.137264,0.235477
0.136849,0.235758
0.138974,0.237509
0.140075,0.238548
0.174564,0.272900
0.138074,0.238978
0.135494,0.233373
0.137077,0.235935
0.136700,0.234855
0.137232,0.235403
0.138418,0.236644
0.137383,0.235216
0.170087,0.267410
0.135906,0.234882
0.136878,0.235390
0.135910,0.234083
0.135926,0.234082
0.138110,0.236496
0.136848,0.235532
0.142036,0.240187
0.137628,0.261145
0.145788,0.245529
0.137594,0.235716
0.137399,0.236320
0.139005,0.237781
0.137532,0.236453
0.137108,0.235545
0.137584,0.235424
0.138585,0.267122
0.137612,0.235693
0.167995,0.266517
0.138616,0.237102
0.138383,0.236816
0.136125,0.234159
0.137550,0.235929
0.136564,0.234746
0.137572,0.235892
0.174630,0.270903
0.136329,0.234644
0.137716,0.236366
0.136013,0.233779
0.135822,0.233821
0.138612,0.236988
0.136395,0.234385
0.138678,0.237168
0.137785,0.259645
0.136426,0.235217
0.138130,0.236466
0.135980,0.234358
0.137718,0.236110
0.135786,0.234084
0.136674,0.235291
0.138880,0.236961
0.137279,0.265689
0.137175,0.235270
0.137000,0.234890
0.136718,0.234502
0.137514,0.235796
0.136353,0.234901
0.137781,0.235797
0.137356,0.235626
0.137079,0.236005
0.165763,0.262512
0.140149,0.238769
0.136683,0.235057
0.136348,0.234397
0.136693,0.234884
0.137455,0.237167
0.137591,0.236453
0.138679,0.237141
0.200688,0.298001
0.134773,0.233018
0.136759,0.235002
0.135882,0.234370
0.137779,0.236639
0.135961,0.234256
0.136097,0.234285
0.138699,0.236925
0.138149,0.266362
0.136362,0.234711
0.135527,0.233860
0.136709,0.235054
0.137899,0.236305
0.136292,0.234559
0.137054,0.235080
0.136736,0.234567
0.138712,0.266643
0.138830,0.237111
0.136232,0.234427
0.138473,0.238193
0.138300,0.236309
0.136106,0.234650
0.141861,0.240966
0.137832,0.236369
0.138966,0.238703
0.171969,0.269161
0.136803,0.234787
0.139805,0.238509
0.139943,0.238429
0.136921,0.234886
0.139849,0.241590
0.149054,0.254870
0.139531,0.238967
0.153989,0.290629
0.140436,0.240501
0.144867,0.242679
0.141326,0.239478
0.145768,0.245887
0.161877,0.261098
0.180083,0.278304
0.140351,0.238089
0.152780,0.283448
0.153053,0.271567
0.150615,0.267706
0.173855,0.290259
0.151446,0.267766
0.136879,0.235163
0.152293,0.269378
0.151361,0.274200
0.138379,0.237529
0.135801,0.234615
0.136576,0.235663
0.136766,0.235748
0.137684,0.236013
0.137343,0.235543
0.145227,0.244292
0.138533,0.260645
0.141585,0.247053
0.140150,0.240829
0.139716,0.239553
0.143605,0.243135
0.152529,0.258438
0.151014,0.248920
0.139754,0.237743
0.137831,0.236328
0.161819,0.259127
0.137205,0.235177
0.136166,0.234566
0.136504,0.235579
0.137101,0.235404
0.135949,0.236321
0.148715,0.254440
0.147233,0.252289
0.210263,0.308524
0.145644,0.249790
0.146689,0.250706
0.147555,0.251428
0.161785,0.260507
0.137231,0.235285
0.137546,0.237114
0.138785,0.237570
0.138196,0.268519
0.138735,0.237268
0.151590,0.250160
0.138042,0.236405
0.136666,0.235200
0.136550,0.235217
0.137864,0.236323
0.137765,0.236325
0.137975,0.260178
0.137019,0.235563
0.137336,0.235742
0.136724,0.234944
0.136628,0.235600
0.135391,0.233574
0.137680,0.236016
0.137854,0.235947
0.137629,0.235682
0.167104,0.263835
0.137710,0.235820
0.137760,0.236144
0.137692,0.236062
0.137412,0.235479
0.136741,0.234625
0.136494,0.234950
0.138093,0.236863
0.137619,0.266005
0.137541,0.235500
0.135974,0.234266
0.135106,0.233455
0.136509,0.234711
0.136270,0.236177
0.167273,0.265634
0.137967,0.235991
0.137298,0.259460
0.135768,0.234258
0.135965,0.234448
0.136456,0.234828
0.136390,0.234935
0.154097,0.252269
0.136746,0.235093
0.136791,0.234763
0.137725,0.235997
0.168723,0.266711
0.141023,0.240519
0.141272,0.240294
0.140635,0.239376
0.135907,0.234253
0.136457,0.235026
0.135851,0.234636
0.137239,0.235898
0.171435,0.268023
0.136194,0.234662
0.136867,0.235158
0.137585,0.236211
0.136517,0.235367
0.135623,0.233847
0.135558,0.233988
0.137462,0.235743
0.137524,0.260050
0.137245,0.236280
0.136304,0.234737
0.135896,0.234429
0.135833,0.233947
0.136045,0.234494
0.136304,0.234755
0.135374,0.233716
0.137092,0.264714
0.142918,0.241849
0.136518,0.234978
0.137474,0.236075
0.135366,0.233280
0.166188,0.264365
0.136799,0.235463
0.136268,0.234670
0.137022,0.235588
0.165039,0.262322
0.136524,0.234924
0.135482,0.234009
0.134952,0.232985
0.136162,0.234330
0.136051,0.234334
0.135837,0.233854
0.136804,0.234917
0.136997,0.259752
0.138157,0.236598
0.134826,0.233640
0.134680,0.232958
0.136707,0.234901
0.135489,0.234008
0.136367,0.234975
0.136234,0.234638
0.137130,0.263820
0.136446,0.235159
0.134470,0.232892
0.136318,0.234804
0.135305,0.233746
0.135770,0.234328
0.136867,0.235433
0.136549,0.235197
0.137974,0.237603
0.163094,0.260262
0.135969,0.234563
0.137431,0.235906
0.137007,0.235786
0.139722,0.238290
0.138274,0.237114
0.137533,0.235860
0.139693,0.238675
0.176623,0.273490
0.137121,0.237245
0.150372,0.249914
0.172062,0.271684
0.138117,0.240747
0.153752,0.254290
0.139639,0.238210
0.137742,0.236203
0.139244,0.267885
0.136426,0.234530
0.136670,0.235035
0.136197,0.234860
0.135075,0.233685
0.135638,0.234092
0.136366,0.234926
0.137430,0.236713
0.138639,0.261030
0.136233,0.234540
0.136381,0.234574
0.135900,0.234362
0.136687,0.235386
0.136047,0.234761
0.135519,0.233761
0.137037,0.235667
0.137022,0.235618
0.170089,0.267486
0.136512,0.234896
0.135044,0.233499
0.135172,0.233477
0.136159,0.234468
0.137086,0.236121
0.137808,0.236559
0.137396,0.236055
0.136033,0.257742
0.137877,0.236324
0.134667,0.232846
0.136053,0.234555
0.135707,0.234850
0.135429,0.233814
0.136978,0.235284
0.137417,0.236459
0.137259,0.265104
0.135966,0.233977
0.165412,0.263531
0.136459,0.234872
0.135715,0.234821
0.136815,0.235071
0.135774,0.233790
0.137241,0.235310
0.136703,0.235492
0.164347,0.261387
0.136197,0.234835
0.137200,0.235330
0.136714,0.234970
0.137417,0.235800
0.135510,0.233837
0.137134,0.235837
0.135878,0.234233
0.167602,0.265050
0.136972,0.235408
0.136051,0.234245
0.137418,0.235756
0.134800,0.233235
0.136209,0.234840
0.136141,0.234655
0.136314,0.234671
0.137235,0.259608
0.135871,0.234022
0.136522,0.234754
0.138265,0.236534
0.135668,0.234109
0.137289,0.235667
0.137309,0.235656
0.137278,0.235736
0.137488,0.260109
0.136198,0.234483
0.137273,0.235650
0.137365,0.237104
0.135793,0.234231
0.136076,0.234565
0.135459,0.233838
0.138871,0.237420
0.137505,0.236650
0.202147,0.299364
0.135833,0.234109
0.134544,0.232829
0.136690,0.235236
0.134945,0.233430
0.135439,0.234967
0.137578,0.235928
0.136470,0.235141
0.138596,0.261953
0.135599,0.233846
0.134888,0.233054
0.135989,0.234244
0.135435,0.234204
0.136678,0.235238
0.136587,0.234988
0.136957,0.235265
0.142738,0.270818
0.137708,0.236344
0.136565,0.235382
0.134369,0.232729
0.135445,0.234849
0.136028,0.234313
0.136747,0.237812
0.138422,0.236658
0.146799,0.245260
0.181536,0.280018
0.137319,0.238566
0.150425,0.251863
0.136591,0.235014
0.139875,0.239098
0.135805,0.239782
0.141834,0.241261
0.137325,0.236413
0.178368,0.281200
0.157494,0.255651
0.145035,0.247259
0.139287,0.237415
0.136071,0.234671
0.136059,0.235156
0.167017,0.265088
0.135911,0.234462
0.137274,0.264920
0.137793,0.236376
0.138132,0.236552
0.135702,0.234011
0.136923,0.235546
0.136610,0.234895
0.137548,0.236340
0.137416,0.235618
0.136632,0.262292
0.136416,0.234796
0.136157,0.234525
0.136521,0.235242
0.135774,0.234153
0.135431,0.233960
0.135949,0.234202
0.136506,0.235060
0.137437,0.235842
0.165901,0.263275
0.136979,0.235256
0.135384,0.233699
0.135658,0.234466
0.136164,0.234906
0.136685,0.235064
0.136529,0.234529
0.137154,0.236067
0.137440,0.266624
0.136970,0.235310
0.135805,0.234572
0.135235,0.233562
0.135725,0.234113
0.137067,0.235203
0.137797,0.236635
0.136714,0.235484
0.136540,0.258684
0.137096,0.235717
0.135656,0.234073
0.135927,0.234748
0.135956,0.234383
0.166634,0.265790
0.136340,0.234936
0.136731,0.235024
0.137065,0.235669
0.164894,0.262486
0.136649,0.234955
0.137244,0.235476
0.137321,0.235570
0.135453,0.234107
0.136409,0.234704
0.136898,0.235124
0.136499,0.235340
0.174818,0.271850
0.137016,0.235602
0.137140,0.235576
0.137786,0.236133
0.139499,0.239362
0.153881,0.252299
0.136458,0.234964
0.138114,0.241185
0.163026,0.286024
0.150691,0.250158
0.137645,0.235924
0.147415,0.246347
0.138048,0.236720
0.135338,0.233909
0.144775,0.249752
0.156390,0.255530
0.137895,0.262329
0.138029,0.240579
0.155503,0.253600
0.145188,0.249417
0.138845,0.237081
0.136816,0.235182
0.137481,0.236110
0.136931,0.235057
0.161092,0.269714
0.170399,0.267526
0.139496,0.239164
0.165847,0.266554
0.136481,0.234635
0.143756,0.241964
0.136629,0.235313
