starttransfer,total
0.139255,0.227558
0.176114,0.261868
0.136363,0.226078
0.137204,0.225194
0.136149,0.223321
0.138390,0.226606
0.136715,0.224640
0.138466,0.228453
0.148742,0.247256
0.166807,0.254683
0.156945,0.244948
0.137834,0.225593
0.138805,0.225715
0.135680,0.222890
0.137742,0.227490
0.142881,0.230426
0.136011,0.245938
0.141792,0.229740
0.134996,0.223799
0.135455,0.224669
0.137374,0.225192
0.136177,0.224018
0.139106,0.227551
0.136958,0.223892
0.137101,0.249465
0.167408,0.252191
0.134976,0.223944
0.136877,0.224335
0.135941,0.223136
0.136748,0.223909
0.136209,0.223941
0.137325,0.225065
0.138634,0.254765
0.137173,0.224473
0.135451,0.222729
0.137190,0.224868
0.136138,0.224338
0.137718,0.227939
0.153170,0.240317
0.136306,0.225135
0.146421,0.279987
0.148276,0.244324
0.141745,0.229474
0.136769,0.225838
0.136945,0.227641
0.136512,0.223696
0.136257,0.223336
0.138167,0.227153
0.138191,0.255040
0.136888,0.226822
0.139962,0.227170
0.136057,0.223524
0.138006,0.224747
0.138111,0.226243
0.138703,0.227582
0.136824,0.225872
0.138284,0.254775
0.136528,0.223941
0.137699,0.224781
0.137027,0.224242
0.149667,0.236755
0.136088,0.225518
0.136412,0.223693
0.137964,0.225444
0.137357,0.251904
0.136743,0.226915
0.167595,0.253804
0.136660,0.224232
0.137090,0.224495
0.138868,0.226540
0.136707,0.226210
0.138561,0.227497
0.161688,0.257340
0.137412,0.227255
0.136911,0.224551
0.136032,0.223646
0.137196,0.224387
0.136520,0.223718
0.138159,0.225262
0.136465,0.223235
0.165308,0.253518
0.139171,0.227066
0.135436,0.221904
0.137077,0.223657
0.136826,0.225590
0.137275,0.225365
0.136834,0.224806
0.138079,0.227748
0.166496,0.254462
0.136548,0.224275
0.136445,0.227494
0.138031,0.225823
0.136187,0.226612
0.150164,0.245224
0.139001,0.227000
0.160538,0.253860
0.171291,0.259292
0.143293,0.231768
0.150854,0.240008
0.141648,0.234487
0.145753,0.237353
0.139042,0.227859
0.144850,0.241667
0.149988,0.237052
0.171976,0.258772
0.136595,0.223782
0.136045,0.229187
0.171552,0.257604
0.145436,0.237478
0.143601,0.231309
0.135701,0.223405
0.137773,0.247556
0.136524,0.223827
0.138620,0.233029
0.136630,0.222849
0.152036,0.238229
0.153683,0.240929
0.152801,0.240814
0.138060,0.227639
0.137993,0.248051
0.136838,0.227553
0.139203,0.225621
0.135990,0.223792
0.138254,0.226975
0.137204,0.224518
0.136660,0.224706
0.152254,0.239286
0.138394,0.252733
0.138774,0.229511
0.141565,0.233394
0.151094,0.240540
0.136963,0.224430
0.137628,0.226769
0.140561,0.228532
0.149775,0.236681
0.137917,0.252664
0.137948,0.226868
0.151723,0.243917
0.142304,0.233021
0.137474,0.233480
0.137110,0.224286
0.138797,0.227333
0.141189,0.229606
0.144119,0.284917
0.152613,0.244268
0.140943,0.227851
0.136377,0.229648
0.175536,0.264391
0.155327,0.249917
0.162901,0.250257
0.137269,0.223918
0.140577,0.255477
0.143094,0.235428
0.137031,0.224636
0.136351,0.223515
0.135653,0.224986
0.137082,0.225136
0.135844,0.224178
0.138406,0.226698
0.137832,0.265779
0.141103,0.232329
0.148088,0.235415
0.135861,0.223086
0.135922,0.223940
0.136663,0.224068
0.137833,0.225612
0.137127,0.224459
0.136916,0.260042
0.137158,0.226637
0.139721,0.227218
0.136296,0.223935
0.136611,0.224103
0.137574,0.227704
0.151856,0.238974
0.137075,0.223985
0.161156,0.253869
0.136324,0.224020
0.151079,0.238829
0.149365,0.235774
0.140268,0.231443
0.136176,0.224186
0.136852,0.225119
0.138462,0.226080
0.167088,0.254057
0.137009,0.225945
0.135474,0.222733
0.140592,0.228294
0.170911,0.258526
0.138373,0.228113
0.142874,0.232652
0.140522,0.230815
0.169193,0.257594
0.150882,0.237040
0.135985,0.224144
0.137036,0.223821
0.135742,0.223245
0.137942,0.236804
0.137263,0.224736
0.136335,0.223458
0.165465,0.251115
0.135032,0.222379
0.135835,0.225235
0.136269,0.223474
0.136621,0.224266
0.139089,0.227175
0.137505,0.224865
0.137319,0.248633
0.142601,0.230668
0.137050,0.226482
0.136764,0.227563
0.144454,0.233342
0.147419,0.235468
0.138088,0.225319
0.136724,0.228117
0.136942,0.248141
0.153538,0.240549
0.138006,0.226924
0.136485,0.223669
0.152269,0.239721
0.150387,0.236724
0.150875,0.241486
0.135580,0.222683
0.139164,0.269950
0.143207,0.231016
0.145257,0.233009
0.137653,0.226150
0.137660,0.226206
0.165862,0.252350
0.138059,0.227173
0.138889,0.226706
0.138676,0.263304
0.139714,0.227085
0.138512,0.228974
0.136085,0.225159
0.135464,0.223991
0.138017,0.225686
0.135862,0.226288
0.137747,0.227030
0.137412,0.251587
0.150555,0.238312
0.152083,0.240767
0.136115,0.222946
0.137741,0.225051
0.137596,0.225899
0.136911,0.223798
0.137959,0.225219
0.137816,0.252146
0.139083,0.234061
0.137718,0.226119
0.169657,0.255729
0.136706,0.224384
0.137804,0.225387
0.136775,0.224010
0.137010,0.224924
0.137802,0.255753
0.137284,0.226216
0.137373,0.225074
0.149090,0.235445
0.136941,0.227954
0.136919,0.224501
0.135702,0.224286
0.138034,0.225395
0.152783,0.267799
0.138144,0.226140
0.136728,0.224175
0.135321,0.223538
0.137458,0.224495
0.139559,0.235865
0.138217,0.225893
0.137400,0.224816
0.161751,0.254544
0.136360,0.223636
0.136350,0.225612
0.138157,0.226513
0.136119,0.223077
0.135926,0.225773
0.135407,0.223196
0.137083,0.225158
0.166070,0.253849
0.137326,0.223895
0.138586,0.230281
0.135696,0.222897
0.137520,0.225223
0.136309,0.224724
0.136754,0.224903
0.137360,0.226080
0.165432,0.251130
0.135853,0.227780
0.157076,0.246795
0.198584,0.290792
0.136956,0.224911
0.138786,0.225740
0.139872,0.240205
0.139263,0.226835
0.170085,0.255060
0.157277,0.248169
0.136943,0.224597
0.138997,0.230772
0.143748,0.236024
0.136642,0.226675
0.142818,0.235887
0.138945,0.226318
0.182090,0.269516
0.143404,0.238427
0.150192,0.240467
0.136290,0.223644
0.136496,0.224215
0.135525,0.223354
0.136544,0.223918
0.137644,0.225019
0.161883,0.248457
0.137827,0.227046
0.138897,0.229946
0.136466,0.224534
0.138819,0.228787
0.137399,0.224708
0.137136,0.226439
0.137332,0.246415
0.139715,0.226637
0.137530,0.224983
0.137750,0.224911
0.151670,0.238690
0.136429,0.225264
0.135029,0.223557
0.136628,0.223988
0.137294,0.249412
0.138581,0.225687
0.137827,0.225585
0.136363,0.226177
0.147371,0.234666
0.172575,0.257684
0.150894,0.250575
0.149229,0.249098
0.137818,0.253122
0.137014,0.224995
0.139702,0.229959
0.137950,0.225391
0.149722,0.237372
0.137740,0.225653
0.136635,0.225824
0.137651,0.225933
0.161600,0.253773
0.150453,0.238932
0.136854,0.224241
0.137453,0.226411
0.142749,0.239571
0.139564,0.228756
0.150586,0.237427
0.137910,0.225430
0.165723,0.254087
0.137480,0.225914
0.140344,0.229056
0.138466,0.225424
0.139859,0.236991
0.138406,0.226056
0.136419,0.224598
0.141921,0.233107
0.177407,0.264159
0.151044,0.237414
0.153486,0.240526
0.151372,0.238259
0.153789,0.241159
0.137007,0.225285
0.151997,0.241202
0.146081,0.234003
0.165460,0.250729
0.140030,0.227436
0.136640,0.223825
0.138987,0.231456
0.137525,0.225576
0.167306,0.255131
0.138033,0.225783
0.137955,0.227203
0.164622,0.249730
0.138085,0.226257
0.139559,0.229180
0.138168,0.225384
0.137058,0.227478
0.138970,0.226679
0.137967,0.226027
0.138012,0.228567
0.162419,0.249209
0.137794,0.225897
0.137996,0.225029
0.138913,0.226585
0.139028,0.227356
0.137333,0.224890
0.136277,0.225349
0.137341,0.246406
0.139806,0.228038
0.137602,0.225053
0.138870,0.226633
0.137076,0.226700
0.136723,0.223603
0.137232,0.224986
0.137335,0.226038
0.137520,0.248279
0.137327,0.224244
0.138056,0.226008
0.138871,0.226541
0.138973,0.227163
0.136566,0.226991
0.136264,0.223589
0.137069,0.224645
0.138769,0.254858
0.137456,0.224647
0.137439,0.227552
0.140456,0.227820
0.144676,0.231701
0.147911,0.235541
0.136517,0.223669
0.137372,0.225944
0.181072,0.292655
0.137145,0.226736
0.137812,0.225858
0.138671,0.226189
0.146173,0.234239
0.149382,0.235685
0.137964,0.228308
0.137340,0.224657
0.139447,0.258866
0.138266,0.225871
0.136669,0.223683
0.138722,0.226628
0.137722,0.225863
0.136864,0.227146
0.137805,0.225099
0.137445,0.225076
0.137453,0.252710
0.136568,0.224318
0.137531,0.227632
0.137355,0.224623
0.137435,0.224490
0.136990,0.224874
0.135799,0.225167
0.138073,0.227713
0.138069,0.258706
0.135963,0.226005
0.136773,0.224076
0.137327,0.224939
0.139968,0.228326
0.137048,0.224512
0.136741,0.224610
0.136647,0.223570
0.137617,0.254306
0.136144,0.223611
0.137148,0.224702
0.139223,0.227123
0.139189,0.234368
0.142179,0.230976
0.146701,0.235702
0.137082,0.225195
0.137059,0.253216
0.164906,0.248840
0.152851,0.239564
0.136905,0.224408
0.139847,0.229707
0.136267,0.223581
0.136718,0.224068
0.154409,0.241674
0.176580,0.264264
0.155154,0.260242
0.153419,0.255623
0.170147,0.273773
0.162386,0.264883
0.135966,0.226118
0.154176,0.283330
0.139802,0.229353
0.136013,0.223627
0.135472,0.222335
0.136170,0.223161
0.137323,0.225113
0.135840,0.225714
0.136412,0.223677
0.137112,0.249446
0.139458,0.229707
0.136941,0.224009
0.135502,0.224490
0.135747,0.224685
0.135996,0.223548
0.136063,0.223221
0.137545,0.225514
0.136625,0.254936
0.136727,0.224949
0.136450,0.223546
0.136637,0.223909
0.138505,0.227143
0.137961,0.228381
0.143338,0.240970
0.143538,0.235077
0.149977,0.268513
0.169729,0.258150
0.138118,0.234436
0.169195,0.257866
0.142752,0.229971
0.142154,0.231930
0.138482,0.232132
0.137261,0.225079
0.142309,0.259309
0.142968,0.238421
0.135398,0.223510
0.142880,0.230135
0.144089,0.238759
0.136187,0.225232
0.139177,0.226434
0.136156,0.223457
0.141403,0.255073
0.150905,0.237793
0.151480,0.238733
0.136123,0.223178
0.147576,0.236895
0.136533,0.224882
0.135115,0.219717
0.138524,0.222832
0.135192,0.280219
0.141788,0.230383
0.135483,0.223546
0.137384,0.224538
0.138378,0.226702
0.135981,0.223571
0.136650,0.225485
0.137888,0.225248
0.160952,0.250976
0.138037,0.225410
0.135523,0.222014
0.137284,0.224922
0.135501,0.223420
0.136285,0.227292
0.147944,0.234778
0.137462,0.224050
0.162635,0.248541
0.144813,0.231997
0.136789,0.225677
0.136267,0.222916
0.164996,0.249397
0.136755,0.224531
0.136108,0.223331
0.138590,0.226473
0.162191,0.247556
0.149593,0.238028
0.134941,0.224129
0.135182,0.222610
0.146986,0.234037
0.135570,0.222758
0.136233,0.223860
0.137625,0.225528
0.168718,0.254102
0.135880,0.223576
0.136007,0.224297
0.135046,0.222224
0.148031,0.235395
0.135310,0.223428
0.136742,0.225352
0.136746,0.226106
0.163714,0.248841
0.137096,0.224491
0.134961,0.224431
0.136072,0.223301
0.135285,0.222285
0.136098,0.223254
0.136476,0.225710
0.137496,0.226105
0.174533,0.260438
0.136165,0.223088
0.134889,0.222581
0.135804,0.222970
0.135726,0.223183
0.141062,0.228607
0.136476,0.243096
0.147501,0.256517
0.136827,0.225542
0.146987,0.234468
0.135748,0.222714
0.134794,0.221697
0.136384,0.223741
0.137221,0.225436
0.179825,0.264585
0.137040,0.255568
0.135963,0.223079
0.136702,0.224280
0.136013,0.223281
0.135445,0.223458
0.135122,0.222341
0.135819,0.223454
0.136438,0.224232
0.137916,0.253675
0.150311,0.237010
0.149676,0.235692
0.135592,0.222293
0.135728,0.222818
0.149164,0.236535
0.137829,0.227656
0.136620,0.223626
0.137752,0.250706
0.136885,0.223141
0.136410,0.223691
0.136002,0.223517
0.135199,0.221985
0.136092,0.222962
0.136166,0.223964
0.137253,0.224307
0.137482,0.252717
0.137234,0.225414
0.147586,0.234358
0.136491,0.223468
0.136322,0.223788
0.136588,0.225351
0.137569,0.225424
0.136459,0.224052
0.152988,0.267635
0.136310,0.224053
0.137643,0.225092
0.154924,0.242636
0.163349,0.263185
0.158886,0.252864
0.145338,0.242172
0.153864,0.249058
0.195137,0.278270
0.135571,0.222638
0.136510,0.223949
0.135476,0.222724
0.134726,0.221766
0.136726,0.223632
0.135370,0.222229
0.135915,0.222748
0.167487,0.251911
0.136094,0.224062
0.138066,0.225377
0.134757,0.221597
0.135893,0.222807
0.137419,0.225856
0.151562,0.237948
0.137490,0.246131
0.150907,0.236849
0.140235,0.226900
0.137862,0.224519
0.135885,0.222587
0.136715,0.223628
0.136862,0.224571
0.136112,0.223149
0.136595,0.248513
0.136980,0.223624
0.150846,0.236356
0.136464,0.223612
0.142044,0.229921
0.135854,0.222889
0.135858,0.223465
0.151285,0.238832
0.135528,0.248068
0.140275,0.227810
0.135574,0.223541
0.137100,0.224393
0.150107,0.236103
0.136434,0.223402
0.135650,0.222681
0.137290,0.224981
0.136431,0.247797
0.137961,0.223807
0.136256,0.223375
0.165095,0.251207
0.136645,0.224500
0.136344,0.223639
0.136842,0.224057
0.151674,0.238714
0.136627,0.262877
0.135555,0.222579
0.136293,0.223254
0.137040,0.223961
0.137027,0.223461
0.135345,0.222294
0.135146,0.222149
0.138742,0.232892
0.137163,0.250719
0.136109,0.222956
0.137072,0.224343
0.135383,0.224778
0.137998,0.226501
0.136301,0.223322
0.135999,0.223141
0.136848,0.227041
0.147349,0.260086
0.148871,0.235078
0.137267,0.223985
0.149080,0.238420
0.137707,0.225329
0.135454,0.222171
0.138754,0.226554
0.136873,0.224124
0.138810,0.252506
0.147588,0.234792
0.136011,0.222949
0.137506,0.224366
0.149184,0.235840
0.136237,0.225478
0.136377,0.223767
0.136226,0.223705
0.161243,0.252161
0.151109,0.237219
0.136421,0.225049
0.139311,0.236596
0.138144,0.225555
0.164610,0.250180
0.151883,0.238148
0.136749,0.223619
0.161830,0.248180
0.135726,0.222268
0.135925,0.222459
0.137845,0.226392
0.141253,0.227619
0.136505,0.224328
0.135758,0.225106
0.150803,0.237419
0.164245,0.248885
0.133323,0.222248
0.134422,0.222369
0.136198,0.223967
0.135820,0.224846
0.136271,0.222575
0.136324,0.224120
0.137559,0.225378
0.163006,0.247719
0.134326,0.220660
0.136025,0.223674
0.135447,0.222541
0.135622,0.223167
0.135845,0.222800
0.135862,0.223034
0.137769,0.224200
0.162558,0.251235
0.139177,0.230669
0.135264,0.221803
0.135528,0.222533
0.137510,0.232699
0.139894,0.227205
0.138014,0.227921
0.136838,0.224291
0.169570,0.256067
0.136113,0.231867
0.141035,0.229779
0.136519,0.226251
0.153075,0.239627
0.151938,0.238351
0.151579,0.237993
0.175784,0.295349
0.154939,0.264805
0.151936,0.255157
0.147689,0.257315
0.168853,0.271175
0.156983,0.243241
0.154598,0.261766
0.149500,0.269417
0.161885,0.256515
0.149087,0.235616
0.145943,0.232558
0.137304,0.229311
0.149759,0.237924
0.144310,0.237480
0.143818,0.233859
0.136945,0.250626
0.144538,0.234196
0.134981,0.221392
0.134614,0.221659
0.136827,0.224184
0.136286,0.224105
0.143990,0.232862
0.136393,0.223428
0.137051,0.253720
0.141466,0.233479
0.137314,0.231761
0.134537,0.221419
0.136442,0.223540
0.135440,0.224945
0.136742,0.224431
0.135260,0.221995
0.136852,0.251185
0.135566,0.224684
0.134032,0.222318
0.148314,0.234145
0.137632,0.224211
0.136649,0.223817
0.136428,0.223316
0.151202,0.241287
0.137751,0.249737
0.163856,0.247696
0.134061,0.220681
0.135236,0.221719
0.136692,0.224942
0.135461,0.223212
0.135726,0.223080
0.136060,0.222947
0.161941,0.253071
0.137181,0.224505
0.134766,0.221656
0.134250,0.222418
0.135125,0.222908
0.135673,0.223249
0.138577,0.226709
0.136390,0.223458
0.163927,0.252107
0.135743,0.222294
0.134698,0.221532
0.135974,0.222981
0.135958,0.222785
0.134711,0.221652
0.135643,0.222650
0.136695,0.224545
0.163487,0.248068
0.135918,0.222300
0.135954,0.222624
0.139540,0.228153
0.135736,0.222258
0.135092,0.223746
0.135969,0.223444
0.136732,0.223797
0.168642,0.252851
0.137185,0.223713
0.150329,0.238857
0.135013,0.221363
0.135401,0.222358
0.135456,0.222316
0.136749,0.224048
0.135823,0.224585
0.161484,0.245512
0.136340,0.223055
0.136575,0.223018
0.163886,0.247806
0.135190,0.222387
0.134992,0.223628
0.136031,0.223065
0.136643,0.223491
0.158215,0.244458
0.135435,0.222533
0.136888,0.222926
0.135151,0.221398
0.134413,0.220749
0.135160,0.222050
0.136075,0.224207
0.140672,0.261170
0.145349,0.236959
0.139893,0.227612
0.136144,0.221666
0.143482,0.229579
0.148404,0.236753
0.139803,0.227742
0.137701,0.229366
0.137258,0.250762
0.141607,0.230043
0.136909,0.224112
0.137549,0.224444
0.135975,0.251349
0.142839,0.235173
0.140353,0.229353
0.137838,0.227465
0.138371,0.252652
0.137277,0.223943
0.151886,0.238719
0.151130,0.244300
0.138249,0.227205
0.156420,0.244936
0.139414,0.231329
0.136483,0.229840
0.158257,0.272587
0.137429,0.231120
0.138616,0.227534
0.150228,0.244995
0.143340,0.235102
0.164370,0.250076
0.136451,0.231652
0.138074,0.225011
0.146414,0.265872
0.144171,0.236324
0.159615,0.248607
0.135474,0.222161
0.135223,0.225123
0.136468,0.223670
0.157248,0.244153
0.155010,0.242520
0.136957,0.253007
0.136632,0.223913
0.143648,0.229993
0.134818,0.224020
0.135685,0.223896
0.136214,0.222845
0.137709,0.225428
0.136297,0.222992
0.161597,0.277708
0.136064,0.222819
0.136442,0.223087
0.137359,0.224184
0.139003,0.224852
0.135859,0.224767
0.136002,0.223941
0.135485,0.222223
0.138258,0.250979
0.135233,0.221183
0.140658,0.228648
0.138454,0.231893
0.136893,0.224391
0.136766,0.224807
0.136113,0.223923
0.137196,0.224600
0.137377,0.251008
0.136739,0.223548
0.136388,0.228435
0.137770,0.225295
0.139367,0.228944
0.137234,0.225509
0.166495,0.250936
0.137313,0.229542
0.175658,0.269373
0.142338,0.233219
0.150706,0.237662
0.136699,0.224720
0.137095,0.224527
0.136383,0.225475
0.136107,0.225762
0.136421,0.224602
0.164854,0.252446
0.138589,0.225645
0.136690,0.224010
0.157262,0.256896
0.137185,0.225445
0.142451,0.232041
0.137416,0.225082
0.137450,0.225598
0.185921,0.277564
0.138090,0.225623
0.137193,0.230286
0.139810,0.226898
0.149462,0.236541
0.145485,0.236834
0.136992,0.224858
0.137804,0.225882
0.166320,0.256527
0.136497,0.227757
0.144427,0.246457
0.137119,0.224436
0.137591,0.224791
0.139588,0.231283
0.136651,0.225235
0.145121,0.238143
0.165720,0.252621
0.136531,0.223626
0.141774,0.240393
0.136733,0.223510
0.175348,0.271958
0.140737,0.232784
0.169589,0.253458
0.141389,0.232772
0.179639,0.262994
0.144673,0.237326
0.139118,0.230729
0.155133,0.244324
0.138104,0.228988
0.148611,0.235967
0.144465,0.243022
0.144343,0.262265
0.143938,0.232127
0.141689,0.233541
0.137681,0.224112
0.135257,0.231871
0.136238,0.225926
0.140652,0.230986
0.141606,0.237584
0.167191,0.277950
0.138772,0.230220
0.140776,0.233413
0.136103,0.226437
0.168592,0.261715
0.143346,0.230477
0.137935,0.232422
0.168733,0.267483
0.139030,0.251318
0.140116,0.237585
0.146930,0.246707
0.153570,0.240457
0.140666,0.236549
0.143398,0.236174
0.139110,0.231021
0.162327,0.254662
0.151131,0.263044
0.142361,0.237757
0.145293,0.239512
0.139554,0.230622
0.143215,0.234073
0.136450,0.223895
0.141359,0.233301
0.174099,0.262835
0.140872,0.257290
0.143654,0.237804
0.135442,0.224294
0.153234,0.245702
0.142532,0.234146
0.140340,0.232096
0.144528,0.237133
0.137567,0.226011
0.141086,0.259830
0.143488,0.238322
0.138634,0.229565
0.144909,0.237230
