starttransfer,total
0.141036,0.271312
0.129861,0.230319
0.130563,0.231194
0.132463,0.232311
0.129477,0.231056
0.128140,0.227719
0.129201,0.229630
0.131236,0.231712
0.129598,0.259593
0.130585,0.230818
0.130094,0.230825
0.129745,0.230750
0.127894,0.228073
0.128134,0.227411
0.130701,0.231494
0.129315,0.228730
0.129468,0.230072
0.160156,0.258664
0.129749,0.229596
0.131483,0.231452
0.131407,0.231875
0.128986,0.228888
0.128654,0.228744
0.131106,0.232190
0.130833,0.231038
0.129616,0.253811
0.129363,0.229425
0.130206,0.230277
0.129588,0.230461
0.128297,0.229118
0.129194,0.229943
0.129534,0.229584
0.128794,0.228859
0.129855,0.231837
0.160236,0.259397
0.159737,0.261016
0.126498,0.226271
0.127673,0.228384
0.129763,0.230510
0.128328,0.228612
0.129840,0.230424
0.128807,0.228184
0.159430,0.259382
0.128813,0.229022
0.128080,0.228121
0.127702,0.227533
0.127559,0.227717
0.128225,0.228355
0.129169,0.229751
0.129178,0.229177
0.129620,0.254346
0.128494,0.228062
0.129967,0.229989
0.128189,0.228322
0.129260,0.230404
0.129357,0.229293
0.128571,0.228012
0.128994,0.228841
0.129944,0.230622
0.161690,0.260622
0.126548,0.227438
0.127056,0.226661
0.128178,0.228166
0.129053,0.228593
0.128928,0.230068
0.129222,0.229227
0.129241,0.229225
0.156355,0.255468
0.129211,0.229288
0.129242,0.229775
0.129335,0.230148
0.129388,0.230197
0.128615,0.229132
0.141990,0.241772
0.129691,0.229687
0.159954,0.294306
0.127790,0.228068
0.129806,0.230575
0.129322,0.229366
0.128893,0.229362
0.127687,0.229144
0.128087,0.227790
0.128703,0.228618
0.129933,0.230870
0.157837,0.256810
0.128706,0.229741
0.129357,0.228894
0.127818,0.228268
0.129367,0.229601
0.128911,0.229265
0.128517,0.228128
0.129360,0.229703
0.130352,0.256006
0.129611,0.230826
0.129183,0.228698
0.127656,0.227672
0.127960,0.228328
0.128732,0.229092
0.129044,0.228791
0.130033,0.231824
0.130308,0.254806
0.127913,0.228506
0.128899,0.229023
0.127823,0.227692
0.127759,0.228209
0.128361,0.228409
0.128010,0.227447
0.128849,0.229895
0.129319,0.228857
0.164484,0.263498
0.128812,0.228742
0.126441,0.225854
0.127425,0.227657
0.128660,0.228545
0.128126,0.228341
0.128422,0.229057
0.159138,0.259130
0.129943,0.261548
0.128869,0.228989
0.128971,0.229244
0.128081,0.228957
0.127240,0.227844
0.127680,0.227712
0.128369,0.228139
0.129312,0.229678
0.129712,0.256370
0.128473,0.229409
0.128142,0.228726
0.127899,0.227754
0.128829,0.228917
0.128782,0.228684
0.127917,0.227363
0.128873,0.228763
0.129849,0.230073
0.158998,0.257871
0.127536,0.227883
0.126417,0.226149
0.127296,0.227414
0.129230,0.228671
0.129074,0.231013
0.158806,0.258963
0.128121,0.227812
0.128589,0.252996
0.128983,0.228831
0.130295,0.230722
0.129422,0.229341
0.129532,0.229706
0.127308,0.227554
0.129882,0.230797
0.129327,0.229885
0.129103,0.229575
0.155687,0.256235
0.129147,0.229555
0.130148,0.230586
0.129081,0.229509
0.128731,0.228677
0.128330,0.228807
0.128661,0.229171
0.130692,0.230857
0.160336,0.259314
0.129035,0.229651
0.129219,0.229643
0.128978,0.229716
0.128825,0.228789
0.127695,0.228035
0.128528,0.228869
0.128765,0.229608
0.129098,0.253588
0.128709,0.228587
0.129742,0.229535
0.129386,0.229966
0.127827,0.228302
0.127747,0.226913
0.128455,0.227981
0.129038,0.229401
0.129493,0.230120
0.156485,0.255198
0.129345,0.229968
0.129593,0.229605
0.130357,0.230679
0.159068,0.259814
0.127080,0.227003
0.128918,0.229302
0.129928,0.229927
0.167993,0.266952
0.128564,0.229172
0.129573,0.229681
0.127791,0.228061
0.129066,0.229735
0.127795,0.228005
0.128775,0.229205
0.128500,0.228799
0.129331,0.253813
0.129862,0.230263
0.129737,0.230013
0.127551,0.228687
0.127678,0.227743
0.127606,0.227447
0.128636,0.228601
0.128632,0.228682
0.128442,0.228418
0.163092,0.264676
0.129495,0.229910
0.128623,0.228047
0.127268,0.227467
0.127860,0.227417
0.128082,0.228336
0.128601,0.228855
0.129294,0.229135
0.129977,0.261535
0.129148,0.229203
0.126806,0.226587
0.126864,0.226841
0.128367,0.227993
0.128435,0.229052
0.127990,0.228599
0.128120,0.227756
0.128722,0.258126
0.129822,0.230125
0.129829,0.230462
0.157620,0.257891
0.127469,0.227067
0.126858,0.226813
0.128983,0.229616
0.129525,0.230365
0.129288,0.230169
0.157448,0.255814
0.129615,0.230062
0.129778,0.230034
0.130703,0.231090
0.130377,0.230402
0.127417,0.227718
0.128713,0.229493
0.129621,0.229668
0.130685,0.255836
0.128884,0.229277
0.128887,0.228310
0.129449,0.230000
0.130627,0.231289
0.129132,0.229226
0.129071,0.230245
0.128448,0.228344
0.129126,0.259043
0.129885,0.230426
0.129918,0.230357
0.129206,0.229822
0.129171,0.229195
0.129358,0.229738
0.129582,0.230260
0.129255,0.229433
0.129298,0.228909
0.161626,0.260551
0.129537,0.229801
0.130888,0.230851
0.128919,0.228928
0.128726,0.228241
0.127560,0.226594
0.129208,0.229630
0.130586,0.230650
0.129626,0.259917
0.158916,0.259669
0.129434,0.229204
0.127702,0.228222
0.129514,0.229599
0.127766,0.227192
0.128714,0.228842
0.129736,0.229760
0.128599,0.252456
0.128279,0.228178
0.129016,0.228823
0.127741,0.228109
0.128112,0.228262
0.128559,0.228038
0.128937,0.228397
0.129400,0.230733
0.129253,0.229103
0.165598,0.264839
0.128876,0.229250
0.128034,0.228156
0.129067,0.229357
0.128965,0.229471
0.129288,0.230040
0.129577,0.230228
0.130674,0.231102
0.130722,0.261416
0.129598,0.229925
0.128139,0.228579
0.127548,0.227786
0.128589,0.229459
0.130839,0.230600
0.128632,0.229730
0.129877,0.230607
0.129212,0.230190
0.154876,0.254563
0.128343,0.229500
0.127860,0.228236
0.128452,0.228828
0.129733,0.230213
0.129859,0.232328
0.128961,0.229487
0.159642,0.260759
0.159793,0.258723
0.127763,0.228794
0.129215,0.229403
0.128295,0.229055
0.128558,0.229269
0.128225,0.228281
0.129153,0.229023
0.129854,0.230817
0.129649,0.258540
0.128039,0.228429
0.128561,0.228022
0.130396,0.230779
0.130741,0.231285
0.129476,0.230186
0.128410,0.228611
0.128610,0.229628
0.130098,0.231140
0.163636,0.262519
0.129819,0.230844
0.128996,0.228851
0.129178,0.229311
0.129566,0.230561
0.130120,0.230165
0.130095,0.231068
0.129282,0.230114
0.130086,0.255308
0.129620,0.230414
0.130714,0.230634
0.129918,0.230204
0.128694,0.229332
0.129053,0.230069
0.129462,0.229771
0.130627,0.230773
0.129874,0.261089
0.128930,0.229067
0.129701,0.230143
0.130147,0.230728
0.133423,0.233138
0.127941,0.228499
0.157997,0.258472
0.129245,0.229813
0.130245,0.230641
0.164335,0.263152
0.129547,0.229841
0.129725,0.230115
0.128321,0.228386
0.129706,0.230497
0.128664,0.228822
0.130276,0.231051
0.129079,0.229274
0.130336,0.261703
0.129696,0.230673
0.130509,0.230836
0.128731,0.229250
0.128337,0.229272
0.127340,0.226943
0.128589,0.228930
0.130270,0.230744
0.130451,0.261046
0.128649,0.229604
0.128531,0.229053
0.126960,0.227011
0.128963,0.229514
0.127942,0.227938
0.128046,0.227879
0.127551,0.227682
0.129296,0.229248
0.169640,0.268154
0.129581,0.229975
0.126476,0.226915
0.126609,0.226246
0.128763,0.229225
0.128836,0.229432
0.129106,0.229545
0.128819,0.228705
0.129316,0.254215
0.128326,0.229183
0.127653,0.227613
0.127295,0.227785
0.127126,0.226926
0.157763,0.258346
0.128784,0.228549
0.129273,0.229976
0.129245,0.254139
0.126489,0.226170
0.127136,0.227938
0.127418,0.227660
0.128434,0.228242
0.129248,0.229774
0.127565,0.228021
0.128125,0.227916
0.129269,0.230525
0.160483,0.259488
0.129504,0.230434
0.128484,0.228161
0.128828,0.228677
0.129855,0.230022
0.128678,0.229572
0.129542,0.230129
0.128636,0.228494
0.128710,0.258373
0.129128,0.229666
0.129763,0.230481
0.129458,0.229899
0.127855,0.228227
0.128002,0.228321
0.129925,0.230845
0.129829,0.229910
0.130182,0.230700
0.152512,0.251643
0.129250,0.229434
0.128992,0.229299
0.127644,0.227171
0.128407,0.228445
0.127688,0.227304
0.136739,0.237572
0.129930,0.231459
0.168680,0.267145
0.129532,0.229844
0.129189,0.228984
0.156301,0.256281
0.127855,0.227585
0.128490,0.228659
0.128828,0.228497
0.128282,0.227798
0.128427,0.252810
0.128383,0.228332
0.129463,0.229355
0.134800,0.239956
0.137099,0.243550
0.137166,0.242534
0.137517,0.243868
0.140091,0.245118
0.139633,0.244950
0.174968,0.279064
0.140500,0.245508
0.136463,0.241223
0.136416,0.240616
0.136537,0.241092
0.136485,0.242341
0.137643,0.240806
0.137297,0.242227
0.180540,0.283787
0.133809,0.238253
0.137021,0.238197
0.129929,0.231499
0.137979,0.239302
0.128778,0.228895
0.132737,0.235048
0.134031,0.236298
0.131157,0.256109
0.133976,0.235298
0.129324,0.231776
0.133389,0.234738
0.129580,0.230021
0.131519,0.231494
0.159779,0.264684
0.152979,0.254806
0.134654,0.237215
0.161087,0.261755
0.128349,0.227799
0.135588,0.236047
0.132557,0.234528
0.129014,0.229642
0.128925,0.228849
0.128621,0.228562
0.128458,0.228153
0.130367,0.261014
0.129941,0.230127
0.129653,0.230268
0.128199,0.228597
0.127904,0.228443
0.129204,0.229710
0.129217,0.229102
0.129141,0.228686
0.129051,0.259782
0.128632,0.228797
0.129801,0.230793
0.129031,0.229251
0.127801,0.228402
0.129038,0.228992
0.129159,0.228922
0.129400,0.229409
0.130823,0.231795
0.164344,0.263121
0.138860,0.239513
0.126862,0.227218
0.128800,0.228644
0.129059,0.230360
0.127573,0.227186
0.127657,0.227356
0.129507,0.229512
0.131455,0.256105
0.129454,0.230501
0.127257,0.228615
0.126574,0.226963
0.158519,0.259202
0.128165,0.227822
0.128939,0.229844
0.129135,0.229033
0.128320,0.251931
0.129341,0.230270
0.127343,0.227347
0.127572,0.227947
0.128145,0.228675
0.127303,0.227089
0.128930,0.229462
0.129018,0.229225
0.129498,0.230098
0.159116,0.257644
0.128267,0.229138
0.127727,0.228124
0.127564,0.227307
0.128697,0.228917
0.127563,0.228271
0.128310,0.227813
0.129362,0.229806
0.129680,0.253779
0.126899,0.227423
0.127253,0.227121
0.126547,0.226733
0.127721,0.228248
0.128208,0.228025
0.128308,0.228318
0.128350,0.228534
0.128738,0.230833
0.151760,0.251628
0.129979,0.230619
0.130313,0.230675
0.128611,0.228562
0.127986,0.228303
0.128269,0.227668
0.130315,0.230858
0.130548,0.230710
0.161222,0.261098
0.129426,0.229724
0.159190,0.259483
0.129418,0.229055
0.127558,0.227731
0.128322,0.228379
0.127652,0.227570
0.128662,0.228677
0.129018,0.259245
0.128944,0.229178
0.129391,0.229691
0.127779,0.227348
0.127567,0.227628
0.128855,0.228759
0.128786,0.229118
0.129045,0.228695
0.128412,0.228625
0.161061,0.260674
0.130376,0.230486
0.129290,0.229552
0.127698,0.227483
0.127207,0.227006
0.128407,0.228400
0.129800,0.229565
0.128587,0.227945
0.162224,0.260423
0.128177,0.228598
0.129348,0.229431
0.127998,0.227642
0.128097,0.228546
0.127855,0.227357
0.127470,0.226841
0.128486,0.228285
0.129162,0.253007
0.129489,0.230397
0.128168,0.228118
0.126624,0.226197
0.127175,0.227135
0.129527,0.229471
0.128597,0.228339
0.127825,0.229509
0.131119,0.230547
0.196369,0.294995
0.129741,0.229590
0.127067,0.227215
0.127848,0.227390
0.127983,0.228072
0.128132,0.227627
0.130173,0.230173
0.129265,0.229439
0.129850,0.259479
0.128039,0.228153
0.127015,0.226611
0.128434,0.227791
0.128603,0.229412
0.128027,0.227848
0.127968,0.227384
0.129043,0.229164
0.129882,0.254203
0.128673,0.229475
0.127143,0.227199
0.127662,0.227596
0.128177,0.228876
0.128289,0.227806
0.128182,0.228242
0.129058,0.229374
0.129435,0.229719
0.158674,0.257815
0.127844,0.228016
0.126750,0.227064
0.127165,0.227433
0.127952,0.227610
0.129111,0.229705
0.128717,0.228498
0.128182,0.228259
0.129543,0.259194
0.128454,0.228496
0.129446,0.229747
0.130136,0.230200
0.128699,0.229005
0.129351,0.229274
0.128505,0.228743
0.129832,0.230317
0.160400,0.285916
0.128862,0.229325
0.128780,0.228659
0.128194,0.228358
0.130540,0.231409
0.128657,0.228771
0.127962,0.228200
0.128266,0.228378
0.127947,0.227388
0.166114,0.265082
0.129238,0.229369
0.129268,0.229694
0.128864,0.228214
0.127040,0.226754
0.128090,0.228149
0.129302,0.229612
0.129353,0.229388
0.128425,0.257860
0.127801,0.227790
0.129069,0.228786
0.131039,0.231037
0.126963,0.227319
0.128178,0.227721
0.127416,0.226935
0.128786,0.228844
0.129470,0.229912
0.150267,0.250215
0.129119,0.229311
0.128634,0.228174
0.127278,0.227107
0.128581,0.228087
0.128840,0.228604
0.128771,0.228784
0.127443,0.227085
0.166934,0.265500
0.129018,0.228993
0.130154,0.230231
0.129341,0.228957
0.126522,0.226064
0.128572,0.228425
0.129163,0.228659
0.159643,0.259870
0.129121,0.258707
0.129395,0.229916
0.129212,0.228991
0.138767,0.245939
0.140863,0.244846
0.127412,0.227072
0.129017,0.229797
0.141504,0.249798
0.134761,0.236577
0.171134,0.276652
0.126506,0.230038
0.128177,0.227931
0.126901,0.226621
0.130622,0.230981
0.128066,0.228238
0.128657,0.229670
0.128623,0.227976
0.168915,0.268050
0.127516,0.227145
0.126929,0.226918
0.131437,0.239545
0.127640,0.232457
0.139523,0.247078
0.131961,0.232662
0.134288,0.244421
0.132354,0.261128
0.140122,0.247740
0.141004,0.248848
0.129804,0.230068
0.135891,0.241913
0.135630,0.236942
0.139091,0.244684
0.129620,0.229445
0.129703,0.229543
0.166958,0.266545
0.128711,0.228519
0.129336,0.229693
0.131031,0.231179
0.128744,0.228474
0.159720,0.259979
0.128854,0.228555
0.129032,0.230424
0.130159,0.255897
0.129474,0.229386
0.130614,0.231223
0.128577,0.228230
0.129074,0.230406
0.128810,0.228720
0.130559,0.230180
0.129711,0.229769
0.129074,0.259315
0.128572,0.228690
0.128921,0.229272
0.129052,0.229708
0.128056,0.228798
0.127064,0.227077
0.129181,0.229469
0.129006,0.228570
0.129885,0.230677
0.157990,0.256632
0.128013,0.228187
0.127310,0.227463
0.127361,0.227765
0.130078,0.229756
0.135212,0.235437
0.128872,0.229418
0.128242,0.228732
0.129151,0.260142
0.129956,0.231148
0.127905,0.228758
0.132587,0.233372
0.129832,0.230229
0.128177,0.228276
0.129108,0.229176
0.131738,0.231492
0.129877,0.254120
0.128880,0.229424
0.127742,0.228012
0.127907,0.227252
0.158362,0.258903
0.128736,0.229120
0.128486,0.228725
0.128895,0.229034
0.129313,0.228896
0.165517,0.264292
0.126785,0.227777
0.127199,0.227165
0.127710,0.227595
0.128019,0.227976
0.130272,0.230990
0.128594,0.228681
0.129483,0.229556
0.129673,0.254143
0.127287,0.227632
0.128587,0.228731
0.127500,0.227138
0.127463,0.227400
0.127733,0.226993
0.128563,0.228285
0.129923,0.230582
0.128628,0.255372
0.128307,0.228373
0.129360,0.229969
0.129279,0.228864
0.130422,0.230605
0.128351,0.227894
0.128575,0.228040
0.128908,0.229176
0.129513,0.229064
0.160515,0.258986
0.129482,0.230027
0.130062,0.229970
0.129237,0.229310
0.127878,0.228841
0.128488,0.228523
0.128261,0.228178
0.129515,0.229823
0.129838,0.254636
0.130479,0.230737
0.159515,0.260411
0.128463,0.228276
0.127900,0.228629
0.127924,0.227640
0.129569,0.230754
0.129713,0.230553
0.129002,0.230033
0.154014,0.253265
0.128749,0.228920
0.130578,0.230890
0.129300,0.229388
0.129012,0.229685
0.131911,0.232411
0.129927,0.230340
0.129765,0.229238
0.166023,0.264816
0.128382,0.228804
0.129527,0.229284
0.127820,0.227753
0.128844,0.229184
0.128886,0.228745
0.128281,0.228611
0.128705,0.228221
0.129074,0.253609
0.129757,0.231072
0.129553,0.229783
0.129012,0.229436
0.127825,0.227597
0.127909,0.228200
0.129923,0.229694
0.128332,0.227759
0.129906,0.230251
0.156950,0.255849
0.129795,0.230212
0.127863,0.229114
0.127307,0.227702
0.128977,0.230089
0.128439,0.228582
0.129083,0.230126
0.129826,0.229494
0.129512,0.258078
0.160163,0.260592
0.127462,0.227116
0.126899,0.226792
0.127988,0.227726
0.129291,0.229699
0.129567,0.229745
0.129044,0.228489
0.128690,0.257581
0.130406,0.230669
0.128395,0.228724
0.127915,0.228461
0.127320,0.227616
0.128373,0.228920
0.130563,0.230383
0.130202,0.230358
0.129679,0.229988
0.158123,0.257621
0.128139,0.228640
0.127743,0.227630
0.128393,0.228832
0.129260,0.229733
0.128332,0.228317
0.129352,0.229170
0.131185,0.231820
0.130596,0.256026
0.129717,0.230276
0.129625,0.229515
0.129877,0.230031
0.131170,0.232541
0.128793,0.229383
0.129872,0.230938
0.130415,0.230747
0.130632,0.259927
0.132170,0.232312
0.130822,0.231246
0.129944,0.229835
0.130874,0.230884
0.128461,0.228511
0.144308,0.262337
0.129256,0.228586
0.160130,0.289729
0.129371,0.229885
0.129109,0.229539
0.130246,0.230291
0.128443,0.228540
0.128900,0.230321
0.129498,0.229883
0.130565,0.230970
0.129813,0.230360
0.167403,0.265750
0.129053,0.229300
0.130484,0.231169
0.128080,0.228250
0.128922,0.228771
0.130475,0.231587
0.129787,0.230110
0.129899,0.229682
0.129851,0.255209
0.129937,0.230025
0.130271,0.230476
0.127163,0.227271
0.128221,0.228573
0.129515,0.229375
0.128716,0.228513
0.129659,0.230001
0.129271,0.228842
0.153108,0.252099
0.129584,0.230190
0.128354,0.228117
0.129099,0.229663
0.129119,0.229058
0.128602,0.228363
0.130559,0.231140
0.130459,0.230153
0.161299,0.260079
0.129232,0.229678
0.127879,0.227927
0.127772,0.227565
0.130076,0.230269
0.129456,0.229779
0.158825,0.259486
0.129709,0.229678
0.129587,0.258730
0.130219,0.232206
0.129476,0.229101
0.127455,0.227481
0.128265,0.228318
0.128414,0.229264
0.129935,0.230240
0.129367,0.229541
0.129299,0.229370
0.163087,0.262361
0.128404,0.228462
0.129150,0.228795
0.129806,0.231038
0.129351,0.229866
0.128814,0.228347
0.129232,0.229228
0.131007,0.231321
0.131169,0.256196
0.129049,0.229736
0.127191,0.227375
0.127687,0.228505
0.129426,0.229755
0.128820,0.229258
0.129582,0.231221
0.128401,0.228987
0.129205,0.258424
0.129773,0.230163
0.128455,0.228413
0.129576,0.230061
0.128077,0.228222
0.128388,0.229877
0.129490,0.229863
0.129052,0.228630
0.130342,0.230209
0.163201,0.262227
0.128830,0.228859
0.128853,0.228718
0.130464,0.230887
0.158900,0.259788
0.127789,0.227787
0.128400,0.228669
0.129913,0.230059
0.130233,0.255529
0.128958,0.230107
0.130046,0.229792
0.129184,0.229644
0.127681,0.227196
0.128712,0.229301
0.129011,0.229704
0.128873,0.228938
0.129327,0.254102
0.129653,0.229729
0.128908,0.229430
0.129362,0.229415
0.127863,0.228158
0.128440,0.228825
0.128924,0.229018
0.129179,0.230297
0.128944,0.229275
0.158871,0.257084
0.130470,0.230928
0.130821,0.230578
0.136684,0.237545
0.128975,0.228456
0.127910,0.227718
0.130167,0.230704
0.130163,0.231374
0.130433,0.254339
0.128448,0.228094
0.129602,0.229511
0.130145,0.229793
0.129114,0.229547
0.127674,0.227222
0.127983,0.227927
0.128480,0.228590
0.130444,0.254785
0.130053,0.231101
0.128718,0.229456
0.157369,0.257699
0.127205,0.226874
0.128206,0.227975
0.129962,0.230543
0.129121,0.229180
0.128656,0.229161
0.160363,0.258771
0.129749,0.231078
0.127404,0.227273
0.127293,0.227729
0.127781,0.228156
0.127455,0.228206
0.128691,0.229402
0.129468,0.229444
0.129668,0.257045
0.129520,0.229824
0.127533,0.227524
0.127478,0.227880
0.128524,0.228509
0.129387,0.229528
