starttransfer,total
0.144538,0.238805
0.136867,0.230796
0.134881,0.228641
0.136934,0.230083
0.156312,0.250399
0.132247,0.226214
0.133408,0.226761
0.133308,0.226745
0.132943,0.226018
0.132903,0.226342
0.133138,0.226917
0.133950,0.227958
0.166572,0.258981
0.132067,0.224906
0.135558,0.229468
0.132009,0.226088
0.132130,0.226058
0.132916,0.226132
0.132818,0.225236
0.134726,0.227850
0.134181,0.257250
0.132467,0.226629
0.141493,0.234048
0.134155,0.227206
0.134077,0.227440
0.162919,0.256717
0.132722,0.226121
0.132633,0.224639
0.134693,0.228365
0.163290,0.254855
0.132531,0.226016
0.131665,0.224499
0.132384,0.224635
0.132057,0.225292
0.131938,0.224678
0.133138,0.226338
0.133211,0.226896
0.134434,0.251336
0.132224,0.225538
0.132933,0.225785
0.131955,0.224794
0.132214,0.225148
0.132560,0.225696
0.132218,0.225745
0.131632,0.224725
0.132714,0.225929
0.160113,0.253092
0.132741,0.226227
0.130451,0.223178
0.131676,0.224412
0.132098,0.224501
0.132199,0.225827
0.133320,0.226528
0.131769,0.224559
0.168147,0.259882
0.131408,0.224909
0.131273,0.224762
0.131863,0.225125
0.131674,0.224451
0.132419,0.225416
0.133448,0.226911
0.132755,0.226180
0.133275,0.249809
0.130963,0.223502
0.131654,0.224494
0.132151,0.225664
0.132268,0.225634
0.162070,0.255363
0.132544,0.226241
0.133442,0.227027
0.132796,0.226197
0.167979,0.260314
0.132472,0.225254
0.132526,0.225997
0.132609,0.225770
0.132429,0.225270
0.131902,0.224827
0.131568,0.223921
0.132934,0.226297
0.133919,0.257515
0.132216,0.224728
0.132163,0.225256
0.133257,0.226513
0.133346,0.226759
0.132060,0.224667
0.132169,0.225472
0.131923,0.225167
0.133725,0.227074
0.155253,0.248212
0.131847,0.224747
0.132636,0.225406
0.132430,0.225025
0.132973,0.225868
0.132320,0.225502
0.132666,0.225204
0.134711,0.227970
0.132661,0.251611
0.132284,0.225112
0.131803,0.224660
0.133274,0.226049
0.132892,0.226290
0.131529,0.224939
0.132914,0.225761
0.132767,0.225207
0.132366,0.248994
0.132622,0.225976
0.131441,0.224681
0.135587,0.228153
0.131879,0.225446
0.161984,0.255196
0.132847,0.225860
0.132353,0.224915
0.133294,0.226289
0.168738,0.259892
0.131335,0.224217
0.132803,0.225651
0.130630,0.223582
0.132448,0.225191
0.131814,0.224794
0.132030,0.224703
0.133182,0.227208
0.133735,0.251354
0.132413,0.225124
0.132601,0.225587
0.131401,0.223877
0.132582,0.226100
0.132098,0.225319
0.132302,0.224885
0.131967,0.224809
0.132510,0.225899
0.162869,0.255359
0.131656,0.224615
0.130519,0.222982
0.130610,0.223466
0.132120,0.224849
0.133538,0.226527
0.131742,0.224945
0.133578,0.226095
0.132664,0.256447
0.132366,0.225746
0.130436,0.223762
0.130400,0.223117
0.132145,0.224975
0.132266,0.225468
0.132034,0.224927
0.131586,0.223872
0.132981,0.257913
0.131216,0.223524
0.130323,0.223006
0.130570,0.223101
0.131645,0.224861
0.163015,0.255891
0.132889,0.225887
0.131722,0.224867
0.132291,0.225565
0.165448,0.257033
0.130490,0.223307
0.130291,0.222808
0.130535,0.223540
0.131742,0.224546
0.132069,0.225091
0.131984,0.225123
0.131846,0.224060
0.131965,0.249948
0.131197,0.224217
0.130448,0.223291
0.130809,0.223968
0.131957,0.225125
0.131402,0.224530
0.132385,0.225604
0.132638,0.225692
0.131858,0.224593
0.158298,0.250204
0.132603,0.225582
0.131827,0.224627
0.132577,0.227832
0.133042,0.225724
0.131267,0.223906
0.132396,0.225999
0.132996,0.225989
0.132044,0.254972
0.131557,0.224048
0.131788,0.224208
0.132400,0.225355
0.133673,0.226826
0.132437,0.225039
0.131141,0.223743
0.132283,0.224810
0.132814,0.255928
0.132627,0.226040
0.132226,0.225245
0.131675,0.224224
0.133263,0.225803
0.163118,0.256100
0.134544,0.227298
0.133831,0.226827
0.131800,0.224560
0.162881,0.254383
0.131899,0.225114
0.132434,0.225484
0.133054,0.226364
0.130859,0.223639
0.132531,0.225295
0.132159,0.224987
0.133433,0.227156
0.132506,0.253585
0.131043,0.223764
0.132120,0.225046
0.133323,0.226518
0.131360,0.224703
0.131796,0.224974
0.131867,0.225708
0.131563,0.223849
0.132400,0.226478
0.164786,0.257081
0.132554,0.225479
0.134161,0.226809
0.131073,0.223663
0.130471,0.223076
0.132229,0.225311
0.132423,0.225214
0.131342,0.224549
0.132429,0.253548
0.130968,0.223726
0.131799,0.224658
0.130295,0.223796
0.131416,0.224566
0.131767,0.224360
0.131277,0.223930
0.132881,0.226112
0.133319,0.255954
0.131529,0.224464
0.131326,0.223846
0.130832,0.223656
0.131242,0.224179
0.161792,0.254670
0.132415,0.225357
0.132712,0.225580
0.131733,0.224307
0.163130,0.254354
0.131517,0.224520
0.130656,0.223432
0.131771,0.224590
0.132032,0.224868
0.133040,0.225905
0.132082,0.224725
0.132319,0.225451
0.133402,0.256776
0.131773,0.224807
0.130786,0.223772
0.130011,0.222788
0.130862,0.224355
0.131766,0.224264
0.132756,0.225676
0.132778,0.225515
0.131862,0.224905
0.158537,0.251461
0.132008,0.224616
0.131309,0.224250
0.131143,0.224207
0.130860,0.223884
0.131236,0.223800
0.131999,0.224909
0.132303,0.225180
0.133070,0.250604
0.131528,0.224156
0.130147,0.222782
0.130383,0.223117
0.131152,0.224468
0.131656,0.224203
0.132181,0.225554
0.132280,0.225470
0.132319,0.249256
0.132376,0.225460
0.130572,0.223438
0.131005,0.224074
0.130749,0.223324
0.162028,0.254124
0.132356,0.226395
0.133366,0.226025
0.133657,0.227323
0.162654,0.255408
0.132005,0.226565
0.135081,0.229967
0.131883,0.226106
0.134321,0.229012
0.131606,0.226157
0.132324,0.227102
0.132465,0.226134
0.132115,0.250910
0.132965,0.227095
0.132074,0.226515
0.132590,0.226668
0.133237,0.227901
0.132146,0.226578
0.132466,0.227119
0.132952,0.227119
0.137078,0.231590
0.195032,0.288609
0.132010,0.226584
0.132980,0.227177
0.133550,0.227562
0.132749,0.227248
0.131726,0.226093
0.133567,0.227484
0.132974,0.227794
0.133828,0.255569
0.132528,0.227670
0.131926,0.226505
0.133523,0.228331
0.131077,0.225592
0.132474,0.226786
0.132594,0.227538
0.130988,0.225380
0.133034,0.264534
0.132546,0.227412
0.132033,0.227000
0.133639,0.228734
0.131364,0.226304
0.132900,0.227067
0.132633,0.226493
0.132460,0.226956
0.133486,0.229820
0.167992,0.260979
0.132345,0.226846
0.133031,0.227878
0.131235,0.226471
0.132335,0.227167
0.131620,0.225768
0.142411,0.236677
0.131907,0.226914
0.132938,0.257463
0.132468,0.226955
0.132742,0.227322
0.131202,0.226435
0.131013,0.226029
0.132700,0.227667
0.143922,0.243594
0.144411,0.243839
0.172928,0.272508
0.180274,0.278908
0.140670,0.239370
0.140029,0.239144
0.140711,0.239442
0.140602,0.238782
0.141376,0.240007
0.140466,0.239906
0.143477,0.243491
0.141616,0.270277
0.138740,0.236922
0.140355,0.239206
0.137390,0.235083
0.138777,0.237362
0.139705,0.237882
0.139872,0.238697
0.138654,0.235641
0.140908,0.265411
0.137966,0.236297
0.137135,0.234511
0.136638,0.233561
0.136267,0.233824
0.134967,0.232008
0.136078,0.233060
0.137919,0.234196
0.135969,0.232264
0.167907,0.262662
0.133884,0.229159
0.134687,0.230211
0.135587,0.234859
0.135633,0.230066
0.132341,0.226666
0.132644,0.227162
0.133767,0.228828
0.133310,0.255957
0.145104,0.239775
0.149195,0.247444
0.143145,0.244770
0.140787,0.236713
0.167459,0.261317
0.133620,0.228178
0.133081,0.229092
0.132963,0.228330
0.168716,0.261768
0.131899,0.226533
0.132212,0.226633
0.132898,0.229426
0.134532,0.229559
0.132928,0.230301
0.138951,0.234089
0.133525,0.227862
0.132980,0.263044
0.131229,0.225828
0.135642,0.232115
0.131782,0.226431
0.131226,0.225833
0.134236,0.229145
0.141633,0.236078
0.133373,0.228238
0.133069,0.256856
0.132740,0.227577
0.130850,0.226139
0.131082,0.225236
0.131314,0.226521
0.132946,0.227144
0.132753,0.226917
0.132424,0.226256
0.133097,0.227046
0.170473,0.265279
0.131197,0.224419
0.135020,0.235567
0.136582,0.231430
0.139067,0.235324
0.135771,0.230172
0.131659,0.226729
0.156110,0.257172
0.139538,0.276986
0.131907,0.226820
0.131973,0.224936
0.163472,0.257366
0.154449,0.253108
0.133724,0.228172
0.140758,0.240627
0.139114,0.239162
0.156754,0.256898
0.164569,0.257097
0.141894,0.241378
0.148166,0.248060
0.141696,0.240474
0.143049,0.241691
0.131843,0.225058
0.135476,0.230498
0.141896,0.241963
0.143019,0.272358
0.145646,0.240004
0.133750,0.227059
0.131218,0.226427
0.141346,0.234680
0.131735,0.224629
0.134110,0.227959
0.132423,0.226552
0.133060,0.253772
0.130937,0.224507
0.133085,0.225669
0.132459,0.225359
0.131364,0.223974
0.131388,0.226642
0.132356,0.226715
0.132682,0.226418
0.134501,0.228019
0.169267,0.261036
0.131944,0.225851
0.130282,0.224279
0.131590,0.225071
0.132000,0.224906
0.133537,0.226377
0.132851,0.227756
0.131944,0.225027
0.133521,0.257411
0.131628,0.225061
0.160923,0.253753
0.131346,0.225494
0.130511,0.224017
0.131814,0.225279
0.132014,0.225547
0.132115,0.225179
0.133805,0.229112
0.167062,0.259742
0.131737,0.224933
0.131296,0.224589
0.131903,0.225441
0.132476,0.226586
0.132243,0.226039
0.133392,0.225905
0.131998,0.225691
0.133834,0.260073
0.130702,0.225658
0.131097,0.225133
0.131388,0.224703
0.131232,0.225233
0.132606,0.225480
0.132438,0.226792
0.132856,0.227519
0.132815,0.257186
0.131469,0.225173
0.131562,0.224840
0.132794,0.227174
0.132726,0.226153
0.131481,0.224487
0.131894,0.225362
0.132355,0.225456
0.132860,0.227141
0.168839,0.260665
0.131613,0.224770
0.132363,0.225675
0.133435,0.229493
0.131236,0.226251
0.131406,0.226321
0.135313,0.228387
0.133586,0.228148
0.133914,0.251205
0.131381,0.226457
0.161586,0.254716
0.133676,0.226583
0.131638,0.224962
0.132480,0.225899
0.132847,0.227465
0.131720,0.224898
0.134188,0.227987
0.164583,0.257209
0.132806,0.225951
0.133338,0.227689
0.131472,0.224979
0.132386,0.225272
0.131545,0.224667
0.133546,0.227582
0.133231,0.227714
0.132927,0.251967
0.132402,0.225087
0.132808,0.226282
0.131755,0.224986
0.131976,0.226642
0.131713,0.224878
0.132652,0.227053
0.132834,0.226431
0.133688,0.251399
0.132244,0.227364
0.131601,0.224780
0.133078,0.226403
0.131435,0.225198
0.133091,0.226669
0.132272,0.226622
0.132254,0.225832
0.132630,0.225780
0.170136,0.261566
0.132594,0.225461
0.134357,0.231416
0.133405,0.226641
0.131556,0.224832
0.131642,0.225117
0.132668,0.226215
0.131933,0.226524
0.132364,0.255816
0.131695,0.224717
0.162512,0.257525
0.131735,0.224955
0.131262,0.226373
0.132299,0.225951
0.131688,0.225674
0.132333,0.226078
0.132495,0.226710
0.165393,0.259357
0.132366,0.225777
0.131359,0.224809
0.132068,0.226238
0.132550,0.226432
0.132429,0.227470
0.132477,0.226816
0.132549,0.226507
0.133304,0.252874
0.132606,0.226353
0.130809,0.225869
0.131656,0.225639
0.130599,0.224394
0.132162,0.225850
0.132344,0.226152
0.132111,0.227190
0.132577,0.253418
0.131862,0.225193
0.130189,0.223339
0.131559,0.225132
0.131813,0.227317
0.132874,0.226288
0.132489,0.226655
0.133711,0.228074
0.133221,0.226755
0.166951,0.260237
0.131776,0.225643
0.131952,0.225329
0.133307,0.227478
0.134874,0.228528
0.131673,0.226729
0.132920,0.226756
0.133113,0.226668
0.133626,0.251746
0.132598,0.226606
0.161849,0.256997
0.132073,0.226162
0.133291,0.227198
0.131020,0.224558
0.132573,0.226142
0.131929,0.227056
0.132436,0.226096
0.158969,0.251512
0.131248,0.224947
0.132576,0.225985
0.132941,0.228417
0.131926,0.225877
0.132174,0.226523
0.132685,0.226316
0.133707,0.227180
0.134275,0.254574
0.132013,0.225925
0.132330,0.226130
0.131792,0.226083
0.131681,0.225693
0.131975,0.227837
0.131656,0.225832
0.133129,0.226590
0.132641,0.250742
0.131919,0.225843
0.132140,0.228217
0.132522,0.226714
0.131631,0.225284
0.131206,0.225951
0.132944,0.226185
0.136572,0.231924
0.132906,0.226495
0.162613,0.255226
0.132434,0.226152
0.132955,0.226843
0.131257,0.226487
0.131680,0.224930
0.132130,0.225507
0.131838,0.225369
0.132614,0.226766
0.131736,0.251231
0.131857,0.225655
0.162387,0.256556
0.137025,0.230492
0.131203,0.225276
0.131606,0.226595
0.131922,0.225696
0.132363,0.226180
0.132467,0.226580
0.166880,0.259002
0.135012,0.230767
0.131365,0.227604
0.143041,0.236484
0.134398,0.228322
0.132593,0.226092
0.132644,0.228441
0.132354,0.225803
0.134155,0.255966
0.131446,0.224990
0.130387,0.224209
0.130614,0.225974
0.131331,0.225298
0.131690,0.225692
0.132723,0.227935
0.133485,0.226917
0.137022,0.261496
0.132094,0.225697
0.130768,0.224356
0.131190,0.224885
0.131136,0.224763
0.131992,0.228250
0.132219,0.226206
0.132677,0.226358
0.133475,0.228118
0.168684,0.261198
0.129788,0.225024
0.131810,0.225501
0.132608,0.228215
0.131996,0.225645
0.133397,0.227062
0.132651,0.227873
0.132062,0.225832
0.133180,0.250811
0.160844,0.254367
0.130468,0.224235
0.131010,0.226307
0.130883,0.225040
0.130883,0.224272
0.131743,0.225659
0.131204,0.227928
0.133907,0.229359
0.166853,0.259052
0.131764,0.225317
0.132306,0.226375
0.132607,0.226631
0.132329,0.228208
0.131835,0.226093
0.132406,0.225662
0.131899,0.225759
0.132627,0.257039
0.132243,0.227776
0.132135,0.227587
0.132533,0.225811
0.131235,0.225430
0.131887,0.226102
0.132338,0.228173
0.132092,0.226037
0.133198,0.253989
0.131358,0.225348
0.131491,0.225401
0.131995,0.228874
0.130669,0.224370
0.132395,0.225919
0.131589,0.225654
0.131948,0.226798
0.133318,0.228004
0.169245,0.261375
0.132277,0.225530
0.131906,0.225321
0.130653,0.224430
0.132193,0.227628
0.133044,0.227198
0.132595,0.226777
0.131583,0.225855
0.134416,0.252002
0.161474,0.258516
0.132000,0.226096
0.131581,0.224886
0.131058,0.225225
0.131351,0.224757
0.141634,0.236614
0.132767,0.227146
0.132329,0.226316
0.158907,0.251292
0.131322,0.224826
0.131575,0.226359
0.130490,0.224068
0.132273,0.225795
0.133750,0.227869
0.131694,0.225807
0.132756,0.226865
0.132264,0.255816
0.131508,0.224556
0.132202,0.225781
0.132178,0.225809
0.135685,0.231349
0.132764,0.225712
0.132036,0.224737
0.131701,0.224010
0.132978,0.249861
0.134921,0.227207
0.132094,0.224915
0.130927,0.223372
0.130856,0.223408
0.131719,0.224275
0.133993,0.227484
0.132488,0.224883
0.132428,0.224586
0.169023,0.260169
0.133106,0.225953
0.131534,0.224367
0.130844,0.223584
0.134002,0.226499
0.130917,0.223677
0.132145,0.225537
0.137454,0.233353
0.137165,0.260903
0.163804,0.258348
0.129891,0.222604
0.154976,0.247805
0.131292,0.224531
0.136910,0.229458
0.144558,0.236855
0.133000,0.225956
0.132587,0.226092
0.158724,0.251622
0.131025,0.223719
0.144291,0.236737
0.133296,0.226655
0.134028,0.226716
0.131288,0.224479
0.131477,0.224615
0.134365,0.226798
0.148343,0.266481
0.145740,0.238323
0.134246,0.228620
0.132943,0.225983
0.139063,0.232400
0.142114,0.235089
0.131297,0.224607
0.140658,0.236606
0.131630,0.248308
0.134225,0.228085
0.132390,0.224881
0.133210,0.226058
0.131351,0.224511
0.131869,0.224932
0.133002,0.226549
0.134345,0.226627
0.132663,0.225671
0.162960,0.255537
0.131441,0.224961
0.133834,0.226545
0.131909,0.224861
0.131489,0.224682
0.131308,0.224878
0.134034,0.227298
0.134773,0.228273
0.163539,0.287690
0.131981,0.225196
0.134350,0.227094
0.132540,0.225166
0.131887,0.226065
0.131208,0.224491
0.131796,0.224693
0.132466,0.224963
0.132133,0.224990
0.157609,0.249726
0.131121,0.224661
0.132528,0.225411
0.131475,0.224315
0.131382,0.224400
0.133460,0.226651
0.132661,0.225396
0.132958,0.225526
0.134491,0.252129
0.131305,0.224360
0.133040,0.226682
0.133325,0.226311
0.135042,0.228058
0.131482,0.225197
0.140917,0.237649
0.131809,0.224187
0.138213,0.263510
0.131056,0.223646
0.131881,0.225057
0.129808,0.222235
0.130989,0.223592
0.131388,0.223738
0.131371,0.223507
0.133030,0.226184
0.132017,0.224976
0.162229,0.252837
0.132760,0.225716
0.130461,0.222779
0.132345,0.225866
0.130785,0.223348
0.132229,0.224324
0.134140,0.226383
0.132356,0.225102
0.163896,0.281398
0.132086,0.224482
0.129611,0.222583
0.130078,0.222940
0.130386,0.223551
0.131678,0.224893
0.131379,0.223876
0.132341,0.225270
0.133678,0.226118
0.166778,0.258384
0.130488,0.223330
0.130167,0.222965
0.130982,0.223859
0.131313,0.224031
0.131816,0.224833
0.132509,0.224997
0.131181,0.223559
0.133375,0.251393
0.130788,0.223819
0.130193,0.223328
0.130721,0.223201
0.131103,0.226667
0.132489,0.225012
0.132209,0.224524
0.131736,0.224802
0.132980,0.255722
0.131053,0.223992
0.131714,0.224422
0.131710,0.224706
0.131579,0.224058
0.132212,0.225002
0.131739,0.224179
0.132410,0.225285
0.132860,0.225381
0.168220,0.259251
0.131661,0.224868
0.131552,0.224155
0.131917,0.224256
0.130407,0.222874
0.131662,0.224679
0.131783,0.224902
0.131673,0.224954
0.166697,0.283721
0.130738,0.223202
0.131188,0.223941
0.132476,0.225786
0.130721,0.223477
0.131407,0.223584
0.130959,0.223349
0.131769,0.224338
0.132345,0.225457
0.161008,0.252392
0.131625,0.223954
0.131572,0.224412
0.132187,0.225192
0.131911,0.224329
0.132039,0.224435
0.132054,0.224546
0.131846,0.224642
0.133773,0.258566
0.131934,0.225002
0.131403,0.224035
0.136163,0.228725
0.161250,0.254446
0.132029,0.225788
0.131790,0.225214
0.131888,0.224167
0.132635,0.248941
0.131578,0.224344
0.131964,0.224741
0.132823,0.225770
0.130659,0.223583
0.131224,0.223647
0.131937,0.224501
0.132356,0.225167
0.132350,0.224748
0.169888,0.260968
0.132180,0.224604
0.132545,0.225224
0.130355,0.222770
0.130966,0.223738
0.131835,0.224696
0.132812,0.225489
0.132400,0.224925
0.133609,0.251524
0.133522,0.226513
0.134216,0.226934
0.131531,0.223664
0.131155,0.224385
0.132126,0.224831
0.132333,0.225509
0.132099,0.224395
0.132719,0.225832
0.162790,0.254583
0.132561,0.225376
0.131009,0.224134
0.131468,0.224284
0.131887,0.224657
0.131090,0.223742
0.132526,0.225167
0.132456,0.225378
0.133387,0.256653
0.133332,0.225396
0.130105,0.222762
0.131660,0.224367
0.162243,0.255649
0.131580,0.223651
0.131471,0.223239
0.131580,0.223900
0.132248,0.254575
0.131280,0.223964
0.130054,0.223048
0.130748,0.223376
0.129885,0.222600
0.131960,0.225254
0.132279,0.225422
0.133660,0.226558
0.132991,0.226003
0.172766,0.263698
0.129776,0.222511
0.130324,0.223008
0.129552,0.222324
0.131260,0.223577
0.131336,0.224371
0.131620,0.223572
0.131903,0.224793
0.131277,0.254328
0.129890,0.222510
0.129890,0.222511
0.130442,0.223463
0.131605,0.225370
0.131637,0.224309
0.131664,0.223572
0.131576,0.223673
0.132032,0.224274
0.163057,0.254558
0.130647,0.223430
0.131432,0.223374
0.131423,0.224315
0.133454,0.226565
0.131725,0.224736
0.131211,0.223122
0.132183,0.225304
0.134960,0.252595
0.131585,0.224425
0.131413,0.224034
0.132279,0.225317
0.162637,0.254977
0.130341,0.222784
0.131928,0.224481
0.131916,0.225109
0.132211,0.249125
0.131123,0.223373
0.130795,0.223005
0.132222,0.224598
0.132227,0.224668
0.132673,0.227569
0.134804,0.227029
0.133533,0.228706
0.142471,0.235933
0.164924,0.256468
0.132031,0.224494
0.142143,0.240175
0.142064,0.240325
0.140105,0.238561
