starttransfer,total
0.000000,0.004209
0.000000,0.004233
0.000000,0.004206
0.000000,0.004211
0.000000,0.004186
0.000000,0.004204
0.000000,0.004229
0.000000,0.004223
0.000000,0.004210
0.000000,0.004216
0.000000,0.004233
0.000000,0.004223
0.000000,0.004222
0.000000,0.004229
0.000000,0.004215
0.000000,0.004212
0.000000,0.004209
0.000000,0.004190
0.000000,0.004180
0.000000,0.004208
0.000000,0.004193
0.000000,0.004205
0.000000,0.004232
0.000000,0.004222
0.000000,0.004214
0.000000,0.004214
0.000000,0.004230
0.000000,0.004266
0.000000,0.004230
0.000000,0.004230
0.000000,0.004252
0.000000,0.004247
0.000000,0.004222
0.000000,0.004256
0.000000,0.004268
0.000000,0.004280
0.000000,0.004255
0.000000,0.004254
0.000000,0.004269
0.000000,0.004212
1.987126,2.570934
0.495805,0.888505
0.479366,0.682010
0.382400,0.534418
0.332666,0.463019
0.331319,0.458112
0.278972,0.401991
0.217191,0.340533
0.259557,0.384029
0.247554,0.384823
0.222832,0.344406
0.167324,0.267980
0.163573,0.258537
0.149972,0.246283
0.146950,0.247661
0.141298,0.235553
0.147443,0.241537
0.145032,0.245055
0.193505,0.294442
0.136982,0.232573
0.134060,0.228133
0.136168,0.230583
0.136315,0.232062
0.135608,0.229230
0.143333,0.243419
0.137200,0.236759
0.144476,0.269224
0.137122,0.230773
0.135567,0.229455
0.136817,0.233528
0.137342,0.232237
0.157312,0.257401
0.137758,0.231725
0.145919,0.249675
0.144884,0.268650
0.146097,0.243469
0.145715,0.245116
0.143055,0.242827
0.140912,0.245745
0.134235,0.232351
0.159426,0.253995
0.137629,0.233237
0.138855,0.233382
0.170477,0.263265
0.134087,0.228130
0.134743,0.228614
0.134319,0.228263
0.135575,0.229664
0.164371,0.258301
0.134454,0.228719
0.134367,0.228548
0.169994,0.262015
0.134490,0.228347
0.144378,0.240447
0.135536,0.229583
0.134119,0.228152
0.133836,0.227682
0.133987,0.228106
0.134622,0.228863
0.134386,0.258598
0.134339,0.228151
0.133797,0.227641
0.135300,0.229615
0.133183,0.227217
0.133910,0.227589
0.135166,0.230275
0.135153,0.229015
0.134424,0.257613
0.133748,0.227222
0.133537,0.226808
0.135491,0.228971
0.133507,0.228602
0.133529,0.227871
0.135593,0.230073
0.133980,0.227534
0.134749,0.230179
0.168878,0.262853
0.134583,0.229738
0.136156,0.230209
0.133184,0.226092
0.133313,0.226763
0.137806,0.233285
0.135138,0.229031
0.134567,0.228683
0.135959,0.257376
0.133603,0.226905
0.135775,0.230438
0.131966,0.225736
0.133893,0.227497
0.164660,0.261051
0.134113,0.227676
0.133305,0.227759
0.134046,0.262839
0.134055,0.227484
0.135251,0.229198
0.132438,0.226773
0.134357,0.229592
0.133561,0.227695
0.134732,0.228862
0.134272,0.228659
0.133918,0.228692
0.166242,0.261672
0.135152,0.229096
0.133195,0.226706
0.133650,0.227549
0.134028,0.227727
0.133307,0.228213
0.134814,0.229049
0.159300,0.259954
0.178627,0.276064
0.148841,0.247068
0.172214,0.280125
0.147434,0.241013
0.154341,0.248184
0.134073,0.230941
0.133218,0.226930
0.133395,0.227130
0.134732,0.261783
0.142027,0.241062
0.144172,0.243064
0.141467,0.241460
0.137049,0.230756
0.133199,0.226818
0.133980,0.227494
0.142051,0.241824
0.140832,0.279945
0.147415,0.249799
0.150622,0.251144
0.193567,0.300573
0.145666,0.247238
0.156614,0.257765
0.142571,0.236070
0.134831,0.232896
0.154614,0.258718
0.214808,0.321622
0.144864,0.240686
0.132793,0.230830
0.158889,0.262101
0.144498,0.247398
0.152677,0.253585
0.133443,0.229249
0.145943,0.248919
0.211624,0.311125
0.150651,0.259203
0.161991,0.261406
0.149945,0.250459
0.132505,0.228320
0.134919,0.230259
0.145509,0.243699
0.134257,0.228678
0.133594,0.255031
0.143246,0.244627
0.154720,0.252006
0.142101,0.242616
0.133420,0.227972
0.142588,0.237679
0.133981,0.228152
0.132435,0.230557
0.146283,0.282488
0.144921,0.247749
0.144008,0.243471
0.165933,0.264199
0.135343,0.229653
0.133092,0.227210
0.133081,0.228011
0.132630,0.226473
0.141553,0.241323
0.204345,0.296895
0.145103,0.239257
0.146050,0.240885
0.133742,0.228001
0.145735,0.249460
0.159998,0.261067
0.141451,0.239179
0.133663,0.228465
0.134326,0.257946
0.133014,0.227344
0.133164,0.227017
0.143393,0.245383
0.146928,0.247855
0.143950,0.246617
0.141613,0.243128
0.145727,0.245819
0.136896,0.254961
0.134111,0.227853
0.141595,0.241716
0.145913,0.248815
0.134510,0.228259
0.133635,0.227797
0.134205,0.229234
0.142825,0.243088
0.135039,0.229661
0.160465,0.261274
0.146022,0.246517
0.157104,0.259654
0.153015,0.255783
0.132676,0.226256
0.147886,0.249666
0.140859,0.235666
0.145434,0.248506
0.181930,0.276691
0.143794,0.237911
0.133597,0.234694
0.167285,0.265382
0.144160,0.245022
0.134871,0.229250
0.176161,0.274858
0.134363,0.233564
0.157193,0.281192
0.149945,0.252003
0.133929,0.227899
0.150706,0.258992
0.134981,0.228327
0.149259,0.251219
0.153617,0.260789
0.142980,0.237612
0.142452,0.285416
0.132066,0.225617
0.157655,0.252357
0.141033,0.247869
0.133864,0.228269
0.149906,0.249238
0.134140,0.239096
0.140930,0.235596
0.150096,0.254929
0.167311,0.268503
0.149201,0.244165
0.142063,0.251198
0.132717,0.226705
0.155283,0.249432
0.133735,0.238149
0.146709,0.241212
0.147197,0.248614
0.163378,0.256428
0.141547,0.246024
0.152928,0.258501
0.143593,0.250516
0.150223,0.246469
0.135733,0.233118
0.135589,0.234407
0.140102,0.233885
0.147743,0.267781
0.133391,0.227753
0.133401,0.227532
0.132892,0.227042
0.163288,0.256869
0.140169,0.240630
0.145545,0.240181
0.134201,0.229396
0.133861,0.259045
0.138993,0.232554
0.132370,0.226313
0.132792,0.226472
0.134989,0.229039
0.133715,0.227799
0.136856,0.230827
0.134215,0.228704
0.133434,0.227630
0.169896,0.262490
0.132444,0.226090
0.133701,0.227901
0.135985,0.232101
0.133879,0.228836
0.133267,0.227219
0.134797,0.228726
0.133502,0.227113
0.134821,0.264160
0.132615,0.226629
0.133153,0.227412
0.135128,0.229012
0.133255,0.227803
0.132192,0.226607
0.132133,0.225827
0.134016,0.230401
0.135144,0.253712
0.134560,0.231281
0.135704,0.233372
0.136806,0.234747
0.134695,0.232045
0.135443,0.232752
0.135530,0.232975
0.135740,0.233608
0.136616,0.263889
0.131785,0.226436
0.136340,0.231569
0.169271,0.262924
0.138118,0.232438
0.132046,0.225952
0.132648,0.227039
0.134145,0.228023
0.133800,0.228254
0.162055,0.253965
0.131836,0.226199
0.132827,0.226425
0.131785,0.226253
0.132315,0.225430
0.132006,0.225666
0.135310,0.229715
0.133393,0.229090
0.172996,0.266478
0.135192,0.228885
0.133250,0.227224
0.130820,0.225560
0.132310,0.226936
0.132755,0.226781
0.133546,0.227682
0.135369,0.229201
0.132136,0.249686
0.131687,0.225914
0.134357,0.228542
0.130911,0.225980
0.130976,0.225397
0.131904,0.225869
0.134595,0.231086
0.134887,0.230120
0.137807,0.233151
0.137393,0.231493
0.132852,0.227052
0.139582,0.233715
0.133022,0.227742
0.152471,0.246734
0.137921,0.232281
0.140372,0.235316
0.132265,0.230157
0.164315,0.257146
0.164846,0.261132
0.150067,0.246509
0.135660,0.229989
0.133598,0.228821
0.146594,0.241232
0.133315,0.228518
0.136881,0.231194
0.134017,0.258838
0.147095,0.240748
0.131630,0.226676
0.132462,0.226392
0.145679,0.240912
0.132588,0.227059
0.133196,0.226595
0.132224,0.226560
0.133512,0.254482
0.132225,0.226292
0.132637,0.227474
0.132666,0.226585
0.133023,0.227199
0.135187,0.229285
0.163116,0.257611
0.132470,0.226991
0.133162,0.227134
0.167823,0.259741
0.132730,0.226282
0.133247,0.227403
0.132754,0.227248
0.132628,0.225993
0.133159,0.228076
0.137271,0.231397
0.132463,0.226608
0.166999,0.258761
0.132469,0.226787
0.136462,0.230564
0.133557,0.227992
0.131072,0.225170
0.131955,0.226711
0.132919,0.227164
0.132442,0.226281
0.134384,0.253487
0.135571,0.229163
0.131810,0.226114
0.132984,0.227228
0.134516,0.228751
0.132357,0.226393
0.131920,0.226007
0.132604,0.227083
0.133554,0.252509
0.132786,0.228016
0.132722,0.227776
0.132543,0.228006
0.131441,0.226718
0.135461,0.230496
0.132928,0.228130
0.133737,0.228496
0.135694,0.230778
0.170147,0.262044
0.134243,0.228228
0.133700,0.228563
0.132453,0.226515
0.131860,0.225582
0.162549,0.256752
0.132808,0.226753
0.133655,0.227466
0.133072,0.250846
0.132142,0.226296
0.131950,0.226195
0.133359,0.227492
0.132320,0.227285
0.132989,0.227708
0.132493,0.226593
0.132311,0.226472
0.132532,0.251582
0.133126,0.226914
0.133435,0.227529
0.131403,0.225729
0.131439,0.226076
0.132538,0.227364
0.132538,0.226756
0.136080,0.229959
0.133261,0.227114
0.160425,0.253242
0.132655,0.226757
0.131619,0.225036
0.133034,0.226995
0.133503,0.227141
0.131695,0.225565
0.132273,0.226940
0.133116,0.226839
0.174793,0.267582
0.132658,0.227354
0.133473,0.228405
0.131139,0.225454
0.131514,0.225736
0.132740,0.227648
0.133033,0.227394
0.133458,0.228450
0.133294,0.256892
0.132957,0.227848
0.131644,0.226554
0.134655,0.229161
0.162104,0.256889
0.133409,0.228418
0.135607,0.230562
0.134076,0.228803
0.132743,0.251608
0.132092,0.226862
0.130548,0.224322
0.132325,0.226441
0.132649,0.226453
0.132596,0.228379
0.132349,0.227347
0.132561,0.226675
0.133730,0.228128
0.165915,0.258698
0.132818,0.227205
0.131045,0.225554
0.132885,0.226789
0.131917,0.226012
0.132718,0.227093
0.133072,0.227200
0.133420,0.228140
0.134643,0.259368
0.131153,0.225062
0.132699,0.227392
0.133144,0.227163
0.131849,0.226196
0.135185,0.230277
0.133069,0.226743
0.133882,0.228490
0.136025,0.259609
0.138377,0.241737
0.138495,0.241875
0.139399,0.241588
0.133182,0.229111
0.140008,0.244501
0.140198,0.243474
0.139387,0.242222
0.173639,0.264826
0.135164,0.230517
0.132509,0.226817
0.132366,0.226098
0.164925,0.258800
0.132200,0.226454
0.133260,0.227049
0.131714,0.225837
0.132394,0.249311
0.131801,0.226280
0.132152,0.226674
0.132559,0.226389
0.133351,0.227710
0.134598,0.228157
0.133173,0.226778
0.132693,0.225924
0.132479,0.256059
0.131383,0.225446
0.132757,0.226222
0.133666,0.227512
0.135760,0.231375
0.132885,0.226986
0.133219,0.227799
0.133512,0.227712
0.133759,0.228296
0.172163,0.264205
0.132990,0.226842
0.132870,0.227829
0.133950,0.228055
0.133079,0.227213
0.134120,0.228772
0.133724,0.228324
0.132545,0.227069
0.133560,0.258334
0.132761,0.227604
0.132065,0.225882
0.134987,0.230184
0.134159,0.228733
0.132297,0.226137
0.133433,0.227628
0.132650,0.226334
0.133597,0.258529
0.134091,0.229227
0.132682,0.227089
0.133458,0.227624
0.133036,0.227382
0.162683,0.257131
0.138443,0.234019
0.134643,0.230792
0.135566,0.229866
0.163113,0.256490
0.134628,0.229715
0.136379,0.232359
0.134713,0.229094
0.133807,0.228340
0.134051,0.228854
0.135015,0.230633
0.156717,0.252004
0.176107,0.267776
0.132079,0.225960
0.132019,0.225978
0.136699,0.232223
0.153396,0.247614
0.136725,0.230988
0.132735,0.227584
0.146919,0.241427
0.136849,0.268987
0.134930,0.231788
0.131221,0.226344
0.142093,0.238526
0.132158,0.225957
0.137470,0.231573
0.135575,0.233282
0.148009,0.244830
0.141167,0.261247
0.136358,0.234278
0.133216,0.233974
0.138202,0.232199
0.153773,0.250849
0.143634,0.244619
0.136448,0.238969
0.145011,0.246016
0.133798,0.229782
0.175710,0.268342
0.133403,0.233857
0.136502,0.232295
0.168960,0.266540
0.134536,0.228595
0.134361,0.228865
0.133834,0.228838
0.133479,0.229798
0.171877,0.264768
0.132989,0.227978
0.132938,0.227031
0.133851,0.228179
0.132100,0.226614
0.135394,0.229960
0.133807,0.229333
0.133879,0.227378
0.133984,0.251650
0.132390,0.226120
0.133371,0.227906
0.133956,0.228282
0.133079,0.227128
0.132200,0.228340
0.131664,0.225490
0.134765,0.230212
0.135073,0.230404
0.163786,0.257237
0.132346,0.227617
0.132973,0.227064
0.133849,0.228225
0.134695,0.232601
0.133017,0.227330
0.133107,0.226821
0.132308,0.226858
0.183359,0.277532
0.141936,0.244027
0.164905,0.260663
0.139155,0.234271
0.141342,0.237267
0.133471,0.227859
0.139229,0.233967
0.142154,0.242904
0.140071,0.260239
0.132789,0.226975
0.162693,0.259647
0.132633,0.228864
0.137421,0.234189
0.133143,0.226937
0.131628,0.225660
0.132458,0.226917
0.135420,0.254075
0.135033,0.235135
0.135813,0.231458
0.141426,0.241601
0.136897,0.233805
0.135276,0.231635
0.135232,0.230274
0.133378,0.228518
0.134736,0.229512
0.168535,0.261764
0.133138,0.227425
0.131587,0.228761
0.135675,0.231420
0.136093,0.230245
0.133384,0.227446
0.133080,0.228008
0.133916,0.230694
0.169586,0.261761
0.132400,0.227186
0.130464,0.224801
0.137535,0.231557
0.132857,0.234124
0.135930,0.229562
0.132678,0.228696
0.146483,0.243042
0.136982,0.259594
0.135876,0.230913
0.131305,0.226605
0.133472,0.228579
0.132939,0.227085
0.132561,0.227076
0.133806,0.228625
0.149786,0.244260
0.135624,0.256504
0.162534,0.257754
0.134188,0.228325
0.133007,0.227747
0.132596,0.226787
0.141793,0.242176
0.137694,0.232198
0.132715,0.227271
0.132825,0.228545
0.169158,0.261676
0.139524,0.236499
0.134115,0.228287
0.140792,0.235242
0.133744,0.228205
0.132151,0.229992
0.134455,0.229281
0.133192,0.226996
0.135683,0.264100
0.140068,0.243390
0.134392,0.229055
0.133110,0.227753
0.135260,0.230543
0.132629,0.227210
0.142814,0.244108
0.134581,0.228720
0.138060,0.259938
0.134118,0.229517
0.133578,0.229821
0.145918,0.246572
0.132472,0.227243
0.135306,0.233114
0.135071,0.230135
0.133766,0.228436
0.136845,0.240005
0.186516,0.288106
0.134409,0.228131
0.135500,0.229773
0.141913,0.242415
0.135234,0.233451
0.135082,0.229025
0.133373,0.231186
0.164857,0.259102
0.171662,0.264762
0.131986,0.226204
0.134107,0.228795
0.136194,0.231422
0.144571,0.238256
0.136928,0.232289
0.132598,0.227344
0.134013,0.229078
0.133128,0.258537
0.131104,0.228249
0.132507,0.226798
0.131376,0.225364
0.132753,0.227174
0.132779,0.227130
0.132116,0.227077
0.132727,0.226988
0.133657,0.256871
0.134062,0.228032
0.131705,0.226800
0.131245,0.226622
0.132286,0.227071
0.132243,0.226522
0.132952,0.226708
0.132636,0.226439
0.132508,0.226904
0.162918,0.255676
0.131433,0.225540
0.131132,0.224953
0.130513,0.224221
0.132520,0.226109
0.133557,0.228174
0.133390,0.230386
0.133042,0.226517
0.163422,0.256721
0.132575,0.226372
0.131841,0.225692
0.131345,0.225678
0.131384,0.225205
0.132008,0.226143
0.132139,0.226473
0.163532,0.258248
0.133561,0.251107
0.131961,0.226641
0.131695,0.226685
0.132070,0.225832
0.132073,0.226419
0.133778,0.228277
0.132612,0.226076
0.131981,0.226496
0.133481,0.228582
0.155687,0.250163
0.132155,0.226240
0.131074,0.224521
0.131917,0.225696
0.132576,0.226222
0.132887,0.227050
0.133782,0.227509
0.133553,0.227798
0.166064,0.258753
0.132258,0.226367
0.133024,0.227368
0.133283,0.227524
0.134823,0.228558
0.132532,0.227178
0.131718,0.225616
0.132696,0.226645
0.133698,0.252077
0.132122,0.225731
0.133075,0.227059
0.133074,0.227223
0.134301,0.228597
0.132650,0.228769
0.134031,0.227866
0.132539,0.226626
0.132595,0.250411
0.148587,0.242431
0.132377,0.226321
0.132751,0.226637
0.133891,0.227889
0.131121,0.225565
0.132791,0.227402
0.162283,0.256500
0.132883,0.226559
0.171735,0.269971
0.139186,0.233957
0.133343,0.227381
0.134318,0.228353
0.135212,0.231049
0.144610,0.245461
0.137800,0.235342
0.137579,0.233944
0.142468,0.267081
0.133409,0.227784
0.136822,0.231414
0.132097,0.226876
0.132195,0.226046
0.146335,0.240929
0.150006,0.250341
0.134173,0.228802
0.134463,0.261616
0.141971,0.242731
0.140771,0.241081
0.139777,0.239445
0.132884,0.227079
0.133781,0.233223
0.141539,0.241438
0.141890,0.242089
0.141158,0.241165
0.166590,0.260926
0.146771,0.241650
0.133331,0.229978
0.142725,0.242341
0.140943,0.240413
0.133660,0.228415
0.133595,0.227815
0.133903,0.228379
0.181059,0.279781
0.140802,0.239866
0.131727,0.225877
0.131123,0.225823
0.133791,0.228089
0.191078,0.286248
0.153921,0.248286
0.133262,0.227263
0.133089,0.255033
0.132442,0.227357
0.158806,0.258791
0.133004,0.227895
0.138284,0.230768
0.151997,0.251922
0.133334,0.228172
0.142690,0.244020
0.134273,0.259137
0.133751,0.228384
0.161620,0.255516
0.132731,0.227180
0.135031,0.229947
0.132087,0.226452
0.133221,0.227010
0.132826,0.227271
0.132956,0.227330
0.168270,0.261637
0.132512,0.226773
0.132710,0.226703
0.152890,0.247352
0.131472,0.225264
0.133289,0.227577
0.131831,0.225538
0.133628,0.227956
0.133710,0.258960
0.133275,0.227639
0.133270,0.227299
0.133923,0.228621
0.130603,0.224892
0.132014,0.226340
0.132636,0.227097
0.133756,0.228355
0.133054,0.256152
0.132854,0.227054
0.132027,0.226804
0.134126,0.228479
0.132322,0.227461
0.162264,0.256755
0.136293,0.230080
0.132417,0.226417
0.133824,0.228508
0.159412,0.253150
0.131785,0.225273
0.132619,0.225991
0.130930,0.225267
0.132894,0.227145
0.134120,0.228788
0.132111,0.225995
0.132668,0.227042
0.169581,0.262419
0.132950,0.227113
0.134242,0.228828
0.131745,0.225639
0.131785,0.225384
0.133085,0.227222
0.133630,0.227724
0.136081,0.231021
0.133690,0.252318
0.132248,0.226588
0.133772,0.227690
0.131262,0.225451
0.133318,0.228104
0.133331,0.227350
0.132267,0.226170
0.132669,0.227589
0.133512,0.253544
0.133191,0.227307
0.134303,0.228125
0.131512,0.225892
0.131629,0.225999
0.134358,0.228664
0.133957,0.228827
0.133870,0.228733
0.134827,0.229253
0.167748,0.260883
0.135053,0.229263
0.132448,0.227100
0.131596,0.225967
0.131743,0.225762
0.171636,0.272518
0.133773,0.228522
0.133691,0.228042
0.136627,0.260306
0.132943,0.227337
0.132720,0.226953
0.132502,0.227159
0.133427,0.232254
0.133567,0.229734
0.148025,0.242236
0.133442,0.227976
0.133704,0.252236
0.141390,0.241399
0.134949,0.230506
0.133480,0.228148
0.137097,0.233193
0.133324,0.229470
0.144156,0.245346
0.133945,0.228505
0.145944,0.241105
0.167838,0.262085
0.132500,0.226575
0.132965,0.231958
0.131654,0.225492
0.138568,0.234287
0.140689,0.240313
0.132514,0.227027
0.133438,0.228055
0.164660,0.257149
0.131307,0.225186
0.135038,0.228576
0.133001,0.226794
0.133629,0.227715
0.133445,0.227292
0.131519,0.225166
0.132797,0.227752
0.133260,0.256819
0.147448,0.242083
0.131965,0.225499
0.132782,0.227012
0.161534,0.256105
0.132395,0.226892
0.136229,0.231300
0.132886,0.227049
0.131569,0.255901
0.131165,0.225649
0.133070,0.227413
0.132107,0.227064
0.132538,0.227568
0.132310,0.226708
0.131885,0.226211
0.132710,0.226813
0.132501,0.227677
0.162244,0.254924
0.134882,0.229070
0.131747,0.225992
0.131487,0.225963
0.131537,0.225339
0.131864,0.225499
0.132570,0.226326
0.131076,0.224787
0.133708,0.252319
0.131921,0.226224
0.132557,0.226612
0.131569,0.225859
0.130702,0.227154
0.134355,0.228785
0.131329,0.225419
0.132483,0.228872
0.133077,0.255355
0.132659,0.226841
0.141169,0.236998
0.130937,0.231507
0.143545,0.243969
0.133374,0.228892
0.132040,0.226237
0.136388,0.230424
0.132148,0.226754
0.165770,0.260904
0.132464,0.228211
0.132528,0.226758
0.163089,0.257728
0.139872,0.243958
0.133023,0.227466
0.135747,0.233216
