starttransfer,total
0.139861,0.233395
0.130777,0.222784
0.156197,0.248727
0.132856,0.226200
0.129344,0.222912
0.128820,0.222042
0.129536,0.221896
0.130722,0.223453
0.131170,0.224143
0.131334,0.223861
0.131206,0.249491
0.129419,0.222086
0.129392,0.222307
0.130396,0.223813
0.129719,0.223594
0.129345,0.226257
0.130117,0.221725
0.131673,0.225198
0.131941,0.249902
0.131582,0.225608
0.129585,0.222674
0.129112,0.222088
0.130466,0.224420
0.133505,0.226750
0.131875,0.226279
0.130610,0.223492
0.131707,0.230618
0.176637,0.272973
0.135462,0.231253
0.132656,0.226844
0.162872,0.258378
0.148188,0.240961
0.140160,0.234319
0.131352,0.224947
0.130225,0.224813
0.131121,0.255672
0.130690,0.223536
0.130234,0.223666
0.132132,0.225206
0.131060,0.224134
0.130289,0.223208
0.130643,0.223607
0.130600,0.223877
0.131854,0.225722
0.158170,0.249438
0.131153,0.223907
0.130271,0.222455
0.131579,0.225345
0.130306,0.223220
0.130132,0.223376
0.131198,0.224308
0.131814,0.224833
0.130456,0.248462
0.130868,0.224027
0.130372,0.224311
0.132126,0.228210
0.135709,0.228733
0.131061,0.224072
0.131017,0.224638
0.130222,0.224552
0.131140,0.254101
0.130900,0.223189
0.130603,0.225244
0.130671,0.223937
0.129934,0.224094
0.130666,0.224513
0.130718,0.223913
0.131091,0.225637
0.130996,0.224005
0.158451,0.250928
0.130750,0.224515
0.131249,0.224073
0.160686,0.254298
0.129695,0.223329
0.130981,0.225616
0.132327,0.226453
0.130545,0.223784
0.130836,0.254986
0.130204,0.224443
0.130881,0.225957
0.129653,0.222193
0.129903,0.222175
0.129946,0.222391
0.130314,0.223106
0.130892,0.223869
0.131222,0.225020
0.166709,0.258150
0.130198,0.223264
0.129321,0.222272
0.130315,0.223641
0.130002,0.224252
0.129840,0.222497
0.130550,0.223909
0.131308,0.224802
0.131411,0.249237
0.130020,0.222544
0.130137,0.223349
0.129775,0.223473
0.129928,0.224801
0.129827,0.223230
0.131768,0.224223
0.130215,0.223074
0.145367,0.238910
0.165573,0.258108
0.130535,0.223339
0.130488,0.223624
0.128936,0.221772
0.130101,0.222961
0.130855,0.224251
0.130598,0.224594
0.131187,0.224045
0.131169,0.255342
0.130860,0.224296
0.130444,0.225328
0.159970,0.253854
0.130070,0.223933
0.130472,0.222819
0.130758,0.223574
0.131239,0.224410
0.130956,0.223882
0.153321,0.246292
0.129258,0.222231
0.129405,0.222341
0.130046,0.222529
0.135784,0.228914
0.130110,0.223289
0.131041,0.223407
0.131500,0.225969
0.132204,0.251263
0.130176,0.224697
0.130370,0.223805
0.130138,0.222506
0.131178,0.225082
0.130294,0.223804
0.130432,0.224467
0.130140,0.223259
0.130594,0.250371
0.131084,0.224759
0.130323,0.223837
0.131008,0.225401
0.130225,0.222924
0.129971,0.222677
0.130838,0.225034
0.130768,0.223527
0.130227,0.223601
0.161066,0.252617
0.150428,0.242436
0.131800,0.225949
0.130829,0.224225
0.130802,0.224778
0.129954,0.223237
0.131070,0.223761
0.131633,0.226082
0.130933,0.249832
0.129372,0.223032
0.130251,0.224374
0.160844,0.254628
0.130394,0.223905
0.129327,0.222400
0.130051,0.224219
0.130790,0.223284
0.130325,0.222508
0.160181,0.251531
0.129872,0.222561
0.130183,0.223950
0.129597,0.223532
0.129962,0.222770
0.130140,0.224030
0.129846,0.223077
0.130862,0.224064
0.132117,0.250035
0.130034,0.222521
0.130658,0.224319
0.130813,0.224561
0.129358,0.223598
0.129459,0.222718
0.129807,0.221614
0.130231,0.226171
0.133550,0.226863
0.162142,0.254971
0.129866,0.222723
0.130572,0.223324
0.130266,0.223884
0.129870,0.222806
0.129739,0.224036
0.130874,0.223373
0.130803,0.224053
0.131330,0.249826
0.129896,0.223631
0.131201,0.225221
0.129080,0.222689
0.128680,0.221967
0.129671,0.223349
0.130205,0.223399
0.130182,0.223744
0.131258,0.247868
0.129855,0.223054
0.129506,0.222097
0.159714,0.252677
0.130055,0.223665
0.129713,0.222675
0.129218,0.222585
0.131018,0.224128
0.130076,0.223900
0.168007,0.259619
0.130388,0.223361
0.129027,0.222247
0.129618,0.222828
0.129615,0.223006
0.129701,0.223766
0.130277,0.222958
0.130326,0.222279
0.130736,0.250661
0.130651,0.224060
0.128312,0.221542
0.128712,0.221742
0.129181,0.222413
0.130506,0.223167
0.135853,0.229936
0.161610,0.256419
0.130609,0.229683
0.183799,0.279036
0.138653,0.232731
0.130481,0.226050
0.133195,0.227153
0.144695,0.244961
0.130405,0.229188
0.134495,0.228867
0.134541,0.228584
0.133302,0.252022
0.136836,0.233391
0.131250,0.228733
0.135023,0.229572
0.131560,0.225591
0.128922,0.222651
0.129557,0.222565
0.130271,0.223042
0.131406,0.224087
0.154984,0.248089
0.130274,0.223426
0.130137,0.223332
0.131014,0.224828
0.130570,0.223628
0.130186,0.223502
0.129887,0.222768
0.130400,0.223629
0.131993,0.253235
0.130861,0.224778
0.129926,0.222691
0.130816,0.224819
0.128854,0.220853
0.129774,0.222559
0.130963,0.224654
0.131011,0.223653
0.130775,0.251785
0.130247,0.223428
0.129525,0.222457
0.131165,0.225585
0.132744,0.226154
0.130372,0.223417
0.159499,0.252898
0.130504,0.223397
0.131463,0.224851
0.168359,0.259775
0.130644,0.224831
0.130608,0.223526
0.130244,0.223068
0.130815,0.224837
0.129228,0.222299
0.130712,0.223852
0.130808,0.222566
0.131829,0.253992
0.130820,0.224460
0.130286,0.222872
0.130841,0.225484
0.129795,0.223120
0.130036,0.222132
0.130841,0.224658
0.131180,0.225115
0.132183,0.226310
0.167238,0.258695
0.131130,0.223509
0.131864,0.224694
0.129780,0.221846
0.131219,0.224627
0.131296,0.223218
0.131439,0.225083
0.131606,0.224556
0.131555,0.254276
0.130728,0.224701
0.130600,0.222763
0.130570,0.224674
0.130083,0.223730
0.130245,0.222207
0.130794,0.224060
0.130774,0.222963
0.130967,0.223688
0.155874,0.247389
0.130748,0.224002
0.131455,0.224855
0.128912,0.221231
0.130740,0.223427
0.160365,0.253519
0.131396,0.224630
0.130573,0.223570
0.131572,0.255774
0.129813,0.221262
0.129714,0.222829
0.129160,0.222163
0.129679,0.223773
0.129837,0.222737
0.130562,0.222756
0.130527,0.223172
0.131103,0.253219
0.129901,0.222091
0.129128,0.222398
0.129114,0.221781
0.130015,0.223760
0.129662,0.222953
0.130188,0.222875
0.130431,0.223348
0.131248,0.224012
0.162394,0.254390
0.129472,0.223135
0.142870,0.236014
0.129427,0.221710
0.129500,0.221548
0.130925,0.224548
0.130205,0.222394
0.130340,0.224473
0.130997,0.260098
0.130418,0.223986
0.130396,0.223352
0.129247,0.222426
0.129646,0.223687
0.129986,0.223225
0.130223,0.222765
0.131214,0.224273
0.132280,0.224617
0.166324,0.259148
0.133386,0.226472
0.130276,0.223005
0.131904,0.225485
0.131760,0.225656
0.159263,0.253252
0.130510,0.223241
0.130688,0.222975
0.131373,0.249322
0.130186,0.223142
0.130562,0.224337
0.130168,0.223416
0.131556,0.224805
0.130828,0.223879
0.130373,0.222164
0.130837,0.224218
0.130824,0.223349
0.155759,0.248378
0.130301,0.223470
0.130203,0.223471
0.130135,0.223116
0.130224,0.223701
0.130128,0.222998
0.130348,0.223327
0.130951,0.222492
0.131201,0.256618
0.130507,0.223381
0.130467,0.223030
0.130320,0.223626
0.129706,0.223851
0.130116,0.222962
0.130509,0.223441
0.130320,0.222264
0.132200,0.250335
0.129655,0.223003
0.130369,0.223758
0.130828,0.223709
0.129811,0.222051
0.130630,0.224041
0.130138,0.222721
0.130041,0.222441
0.132514,0.224811
0.168053,0.258842
0.130502,0.222772
0.130489,0.223968
0.130140,0.224570
0.129829,0.223179
0.160006,0.253007
0.130857,0.223859
0.130878,0.223975
0.130690,0.256287
0.130745,0.223886
0.130352,0.223546
0.129876,0.222616
0.130043,0.222601
0.129051,0.222566
0.130638,0.224086
0.131468,0.224096
0.130737,0.222979
0.166416,0.258058
0.129989,0.223955
0.130909,0.223367
0.129517,0.221878
0.130271,0.223621
0.130351,0.224110
0.130437,0.223538
0.130579,0.223204
0.130737,0.251502
0.131366,0.224917
0.132273,0.226694
0.128985,0.222879
0.128982,0.222360
0.130323,0.222113
0.131038,0.224397
0.130638,0.222745
0.130585,0.224154
0.159777,0.252412
0.130383,0.222898
0.129548,0.221969
0.130569,0.224095
0.129818,0.222811
0.129633,0.222341
0.133664,0.225410
0.130896,0.223919
0.131142,0.248878
0.129605,0.222842
0.130059,0.223590
0.129392,0.221760
0.129808,0.222235
0.159821,0.252975
0.130990,0.223971
0.130798,0.222947
0.131177,0.247337
0.129724,0.222417
0.129014,0.221654
0.129741,0.224249
0.130184,0.223456
0.129718,0.221713
0.130542,0.223192
0.130237,0.222603
0.131059,0.223817
0.167786,0.259009
0.128765,0.221478
0.129825,0.224092
0.128933,0.222313
0.129558,0.223288
0.130103,0.222499
0.130183,0.222325
0.131176,0.225165
0.130567,0.249920
0.129950,0.223521
0.128851,0.222127
0.129545,0.221787
0.130032,0.223630
0.129691,0.222498
0.130174,0.223650
0.130971,0.223228
0.130569,0.223146
0.159476,0.250658
0.129996,0.223398
0.130455,0.223907
0.130870,0.223786
0.131709,0.225529
0.129856,0.222845
0.130581,0.223533
0.130780,0.223904
0.131550,0.248006
0.129993,0.222684
0.130929,0.224225
0.130360,0.222523
0.130527,0.224084
0.159340,0.252370
0.130298,0.223158
0.130531,0.223351
0.130503,0.222369
0.165553,0.257651
0.130029,0.223294
0.130116,0.222804
0.130587,0.223813
0.129543,0.222247
0.130641,0.224672
0.130082,0.222737
0.131731,0.224859
0.131231,0.249749
0.130018,0.222928
0.130509,0.223987
0.130803,0.222825
0.129889,0.222416
0.130179,0.223344
0.131016,0.223737
0.130902,0.224937
0.130751,0.250688
0.130665,0.223679
0.130283,0.222974
0.130703,0.223208
0.129448,0.223564
0.130558,0.222964
0.130718,0.224264
0.131144,0.224535
0.131632,0.224146
0.167656,0.258875
0.130753,0.224367
0.130567,0.223107
0.130230,0.225170
0.130003,0.223016
0.130206,0.223427
0.131315,0.223901
0.131017,0.223289
0.130829,0.250970
0.130167,0.223393
0.130091,0.222947
0.131184,0.223379
0.130524,0.222845
0.160378,0.254167
0.130783,0.223303
0.130513,0.223844
0.130418,0.223116
0.162581,0.253047
0.130180,0.223369
0.131035,0.224468
0.129537,0.222783
0.129903,0.223737
0.129551,0.222285
0.130413,0.223756
0.130296,0.222330
0.131032,0.248793
0.129592,0.222455
0.131044,0.223722
0.128952,0.222560
0.129230,0.222161
0.130340,0.224101
0.129954,0.222935
0.130920,0.222828
0.130782,0.223938
0.156318,0.248148
0.130582,0.224250
0.131406,0.225063
0.130264,0.223205
0.130372,0.223039
0.129213,0.222107
0.129987,0.223159
0.130958,0.224155
0.130542,0.248289
0.130021,0.223992
0.137497,0.230182
0.128443,0.221425
0.130026,0.223327
0.130152,0.222665
0.130854,0.223517
0.130663,0.223546
0.130568,0.247819
0.130131,0.223107
0.129920,0.222837
0.130136,0.224056
0.129990,0.222948
0.160512,0.256141
0.131024,0.223425
0.131318,0.224223
0.131286,0.224900
0.161999,0.254012
0.127987,0.220423
0.129069,0.222520
0.130138,0.223222
0.130176,0.223905
0.129643,0.222215
0.130194,0.223597
0.131511,0.225226
0.131587,0.247974
0.131030,0.223655
0.129453,0.222390
0.130076,0.223569
0.130854,0.224040
0.130654,0.224003
0.130670,0.224071
0.130799,0.222950
0.130607,0.224221
0.160455,0.252859
0.129593,0.222407
0.129741,0.223156
0.129857,0.222688
0.130236,0.223813
0.130115,0.223178
0.130658,0.223249
0.131776,0.225016
0.131809,0.254348
0.130109,0.222759
0.130877,0.223164
0.130776,0.223969
0.131809,0.224547
0.129582,0.222107
0.131372,0.225020
0.130876,0.223519
0.130936,0.222509
0.155955,0.247854
0.129845,0.223450
0.130570,0.223985
0.130821,0.223890
0.160106,0.253217
0.130656,0.224549
0.130577,0.223418
0.130961,0.224029
0.131190,0.254576
0.130717,0.223695
0.130403,0.222956
0.130191,0.222308
0.129862,0.222412
0.128931,0.221578
0.130696,0.223179
0.130243,0.222943
0.134062,0.262642
0.133932,0.229230
0.130307,0.222884
0.132490,0.225906
0.138470,0.237156
0.133293,0.230069
0.132950,0.226861
0.130366,0.227795
0.132947,0.225185
0.169272,0.261193
0.130842,0.228388
0.130343,0.223818
0.136921,0.235407
0.129721,0.222774
0.130949,0.224725
0.130695,0.223095
0.132476,0.225140
0.131506,0.255784
0.133491,0.227991
0.133303,0.227551
0.129809,0.223054
0.128604,0.222646
0.129628,0.222489
0.131999,0.224614
0.132053,0.225718
0.130714,0.226924
0.163583,0.255806
0.130131,0.226448
0.140902,0.233467
0.129791,0.222448
0.160478,0.254265
0.129547,0.222550
0.130791,0.223461
0.130921,0.223990
0.130391,0.250743
0.130909,0.223677
0.129327,0.223042
0.129074,0.222179
0.129415,0.222110
0.130310,0.223993
0.131164,0.223088
0.130540,0.224214
0.130946,0.224018
0.156161,0.248275
0.130944,0.224082
0.130303,0.222842
0.129433,0.222989
0.129609,0.222449
0.131022,0.224146
0.131262,0.223355
0.131595,0.224222
0.131500,0.255383
0.131883,0.225399
0.129717,0.223136
0.129232,0.222186
0.130496,0.223342
0.129663,0.223349
0.132455,0.224451
0.130881,0.223503
0.131145,0.249715
0.129832,0.222726
0.128835,0.221775
0.133049,0.225728
0.130091,0.222522
0.129985,0.222598
0.130631,0.222382
0.130671,0.223495
0.132063,0.224622
0.169438,0.261029
0.129755,0.223800
0.129238,0.222418
0.129125,0.222627
0.159438,0.252701
0.130974,0.224418
0.130786,0.223630
0.130726,0.223352
0.130367,0.248160
0.130278,0.223852
0.131118,0.224218
0.131292,0.224876
0.131129,0.224483
0.130328,0.223976
0.130232,0.223033
0.131873,0.223803
0.131740,0.226170
0.161210,0.252867
0.130161,0.223757
0.130706,0.223914
0.131587,0.224387
0.130117,0.224238
0.130100,0.222453
0.130704,0.223509
0.130581,0.223446
0.132482,0.256375
0.130419,0.224154
0.130644,0.223986
0.130475,0.223657
0.131128,0.227174
0.132305,0.225648
0.131142,0.224304
0.130756,0.223643
0.131545,0.224572
0.158060,0.250115
0.130997,0.223606
0.131162,0.224012
0.130768,0.223253
0.130086,0.223620
0.130640,0.224015
0.131466,0.223883
0.131314,0.224140
0.134940,0.262995
0.147784,0.242055
0.133815,0.228456
0.141487,0.234838
0.163209,0.257552
0.137884,0.232069
0.130388,0.224117
0.130608,0.225197
0.134465,0.254413
0.130306,0.223911
0.130383,0.224320
0.131170,0.223815
0.133909,0.228179
0.133543,0.226975
0.134154,0.229266
0.138631,0.232094
0.130940,0.224526
0.162827,0.253739
0.129579,0.222223
0.131327,0.223940
0.128962,0.221901
0.129845,0.222951
0.129314,0.222570
0.130034,0.222732
0.130731,0.223023
0.130633,0.247770
0.129590,0.222640
0.131261,0.226096
0.128902,0.221833
0.129986,0.223729
0.129879,0.223457
0.130046,0.223092
0.130130,0.223013
0.130808,0.223649
0.160538,0.252661
0.130734,0.223889
0.128820,0.222610
0.129551,0.221981
0.137988,0.230866
0.130155,0.223745
0.131043,0.224183
0.131220,0.224821
0.132116,0.249408
0.130014,0.221873
0.129948,0.223681
0.129204,0.222129
0.160333,0.254555
0.129973,0.222928
0.130262,0.222811
0.131140,0.224126
0.130848,0.223926
0.162275,0.254271
0.129529,0.222742
0.128448,0.220149
0.130362,0.223591
0.129424,0.222426
0.129645,0.224066
0.129943,0.223333
0.130630,0.222152
0.131037,0.261040
0.129170,0.222602
0.129643,0.223487
0.128829,0.221909
0.129352,0.221847
0.129621,0.222589
0.130605,0.223428
0.130859,0.224985
0.130551,0.252494
0.130933,0.223717
0.129812,0.223064
0.128639,0.222070
0.130086,0.223401
0.129137,0.221797
0.133401,0.225753
0.132117,0.226051
0.130953,0.223633
0.162026,0.253347
0.129930,0.222286
0.129350,0.223072
0.130705,0.224088
0.131431,0.225487
0.129345,0.223241
0.130002,0.223140
0.130490,0.222963
0.131115,0.248071
0.129480,0.222261
0.130226,0.224058
0.129902,0.223209
0.160877,0.253591
0.130461,0.223797
0.129477,0.222751
0.130516,0.224458
0.130189,0.222996
0.158959,0.250139
0.130673,0.224686
0.130177,0.223118
0.130190,0.224593
0.129446,0.222683
0.129843,0.222238
0.130503,0.222609
0.130722,0.223224
0.131053,0.249506
0.129883,0.223080
0.130232,0.222415
0.130134,0.223536
0.130345,0.223876
0.130254,0.223601
0.129761,0.222942
0.130566,0.222821
0.162712,0.255793
0.160625,0.253715
0.130056,0.223418
0.129878,0.223227
0.129139,0.222361
0.130344,0.223411
0.129803,0.222420
0.130898,0.224853
0.130695,0.223528
0.130534,0.248864
0.130206,0.222752
0.129960,0.223466
0.129226,0.222822
0.129412,0.222044
0.129841,0.222272
0.131040,0.228826
0.134436,0.226216
0.130079,0.256734
0.131230,0.223608
0.129583,0.223113
0.129222,0.223415
0.129378,0.222331
0.130235,0.224586
0.131094,0.223586
0.130086,0.221624
0.131153,0.225166
0.168165,0.260385
0.130819,0.225173
0.130502,0.222486
0.128903,0.221339
0.130147,0.224000
0.130223,0.223494
0.130260,0.223837
0.138666,0.232979
0.133584,0.259052
0.131717,0.229390
0.139347,0.238096
0.140618,0.240660
0.137955,0.232012
0.135870,0.228215
0.138729,0.235245
0.133572,0.234540
0.171071,0.264248
0.172334,0.266064
0.148535,0.241637
0.129447,0.222394
0.130778,0.224257
0.130386,0.225510
0.129279,0.221907
0.130815,0.223665
0.131796,0.225569
0.131962,0.254746
0.129550,0.222397
0.128335,0.223099
0.129499,0.222156
0.130267,0.224020
0.130803,0.222735
0.131004,0.224488
0.130323,0.224120
0.130517,0.222902
0.155263,0.247107
0.130741,0.224806
0.130649,0.223911
0.130217,0.223438
0.131812,0.224147
0.130599,0.223982
0.131366,0.224383
0.132569,0.225628
0.130986,0.249818
0.130423,0.222678
0.131428,0.225203
0.129778,0.223792
0.131618,0.224887
0.129992,0.223324
0.130247,0.222689
0.131015,0.224220
0.131148,0.252334
0.130474,0.224828
0.131048,0.223875
0.130241,0.223087
0.131599,0.224625
0.131376,0.223979
0.130269,0.224114
0.131268,0.224243
0.160530,0.253514
0.169291,0.261659
0.129986,0.223031
0.130582,0.224186
0.131416,0.224943
0.129464,0.221896
0.130076,0.223279
0.129971,0.222570
0.131661,0.225191
0.131555,0.248211
0.130180,0.223022
0.130368,0.224010
0.129839,0.222647
0.129514,0.223723
0.130094,0.223029
0.130007,0.222639
0.130633,0.224511
0.130459,0.222517
0.159243,0.250850
0.130253,0.223839
0.130406,0.222892
0.129619,0.222784
0.130147,0.222420
0.129509,0.223689
0.130387,0.223446
0.130562,0.223046
0.130794,0.248190
0.130075,0.222795
0.129947,0.223401
0.129332,0.222636
0.129221,0.221315
0.130094,0.223635
0.130228,0.223117
0.129951,0.223331
0.130383,0.223621
0.162471,0.254505
0.130160,0.222906
0.130332,0.224766
0.129812,0.223638
0.129455,0.223333
0.130136,0.223067
0.130627,0.223568
0.160994,0.253945
0.130560,0.249033
0.130214,0.223424
0.131156,0.225158
0.129110,0.222120
0.129384,0.222401
0.129653,0.223283
0.130425,0.223212
0.131221,0.223770
0.130911,0.250685
0.129641,0.222113
0.130447,0.224526
0.129380,0.222036
0.128998,0.222601
0.129470,0.222948
0.129883,0.222495
0.130572,0.224103
0.130451,0.223644
0.166967,0.256601
0.129378,0.222382
0.129343,0.222741
0.128792,0.221486
0.128882,0.221631
0.129087,0.221662
0.130796,0.222936
0.130033,0.221689
0.130409,0.248305
0.129415,0.222591
0.128865,0.221396
0.128840,0.222534
0.129208,0.221456
0.129075,0.222786
0.130032,0.222588
0.130084,0.222179
0.130356,0.223450
0.159063,0.251075
0.128300,0.223710
0.128845,0.222762
0.128678,0.220881
0.129522,0.223455
0.129882,0.222514
0.129609,0.222913
0.160304,0.253168
0.130014,0.252413
0.129289,0.222736
0.128635,0.221461
0.128651,0.222042
