starttransfer,total
0.139763,0.222333
0.129704,0.213325
0.131442,0.216808
0.132648,0.244602
0.132346,0.215518
0.137697,0.222781
0.145481,0.229876
0.137936,0.224406
0.134884,0.221611
0.135353,0.222512
0.136984,0.225228
0.139839,0.254690
0.136513,0.223882
0.136492,0.224810
0.135882,0.226779
0.138021,0.230465
0.134454,0.225665
0.136193,0.225167
0.135978,0.225891
0.136160,0.251166
0.136421,0.226784
0.135678,0.225246
0.137378,0.226940
0.137705,0.236507
0.166327,0.253241
0.136834,0.226169
0.136498,0.227313
0.136529,0.249537
0.135770,0.225923
0.136836,0.225939
0.137498,0.227207
0.136098,0.235424
0.135589,0.224611
0.135842,0.226108
0.136944,0.226771
0.151635,0.263995
0.135608,0.225765
0.150261,0.238256
0.145390,0.236590
0.136755,0.227115
0.150108,0.238535
0.135838,0.226073
0.143017,0.232754
0.136142,0.251482
0.137029,0.228531
0.135960,0.225768
0.135845,0.228273
0.135831,0.225573
0.135187,0.225059
0.136005,0.225452
0.136203,0.226366
0.139543,0.259480
0.135656,0.225077
0.135067,0.224151
0.135750,0.225802
0.136513,0.226004
0.134565,0.224103
0.136259,0.225727
0.135845,0.243209
0.161361,0.249092
0.135142,0.224214
0.133522,0.221043
0.134857,0.221329
0.135218,0.227818
0.135248,0.223271
0.164790,0.253523
0.141396,0.231831
0.164521,0.252244
0.133659,0.222392
0.147821,0.236826
0.135681,0.225371
0.133726,0.223026
0.145769,0.234664
0.136413,0.226374
0.137140,0.227350
0.176453,0.268188
0.133572,0.222994
0.135312,0.224120
0.134255,0.224084
0.136109,0.225763
0.135186,0.225010
0.143791,0.233505
0.136650,0.237387
0.159799,0.247355
0.133558,0.222978
0.135971,0.226226
0.134612,0.224626
0.134698,0.224104
0.134380,0.223845
0.135538,0.224806
0.137379,0.226565
0.183733,0.272688
0.147360,0.237897
0.133836,0.224634
0.134619,0.224119
0.137966,0.227259
0.136673,0.226617
0.150961,0.239547
0.134930,0.226971
0.159096,0.246050
0.134740,0.223954
0.133626,0.223901
0.135646,0.224995
0.135682,0.225539
0.136498,0.226418
0.136473,0.226067
0.177074,0.263903
0.163988,0.253104
0.147059,0.236957
0.147786,0.236279
0.146935,0.236744
0.149081,0.238344
0.135608,0.224693
0.136756,0.228341
0.136872,0.227401
0.160416,0.247960
0.135020,0.225201
0.135201,0.225603
0.135101,0.223995
0.135925,0.224914
0.137149,0.226543
0.136264,0.225808
0.136493,0.225804
0.157351,0.244781
0.134306,0.223184
0.135678,0.224835
0.136025,0.225832
0.135610,0.223192
0.135116,0.223889
0.136250,0.223121
0.136974,0.225871
0.155886,0.248589
0.146413,0.232547
0.135527,0.225018
0.135050,0.224070
0.136472,0.225879
0.145150,0.234619
0.147911,0.236176
0.135873,0.227729
0.154715,0.252106
0.135382,0.225012
0.134420,0.224157
0.134706,0.224087
0.135611,0.224907
0.135673,0.225053
0.136482,0.226121
0.135614,0.245834
0.162796,0.246574
0.134254,0.220395
0.135616,0.223185
0.134971,0.222860
0.136246,0.224611
0.136249,0.223299
0.134762,0.222048
0.137088,0.250632
0.135895,0.224484
0.132173,0.218011
0.133256,0.218678
0.133717,0.220269
0.135068,0.221549
0.136523,0.224477
0.135450,0.223537
0.136042,0.245547
0.136008,0.224647
0.142253,0.228532
0.132873,0.217735
0.133810,0.220982
0.134514,0.220201
0.135048,0.222450
0.149710,0.235968
0.135726,0.245210
0.134364,0.221928
0.140810,0.228109
0.135682,0.224271
0.135437,0.223879
0.134927,0.226044
0.134275,0.223637
0.135530,0.224405
0.136601,0.249198
0.136071,0.225184
0.136148,0.224755
0.134025,0.223313
0.134068,0.221963
0.135443,0.225021
0.136869,0.225755
0.149583,0.237503
0.135735,0.247742
0.148695,0.236311
0.135069,0.224177
0.163279,0.250396
0.135275,0.224445
0.134362,0.223936
0.135152,0.224286
0.135512,0.225501
0.135444,0.247570
0.135381,0.225036
0.135008,0.224520
0.134563,0.224011
0.134713,0.224948
0.150772,0.240568
0.135533,0.225419
0.136276,0.226079
0.136402,0.248726
0.134621,0.225535
0.150102,0.238921
0.134967,0.224494
0.134549,0.224410
0.135213,0.225522
0.134545,0.224089
0.137304,0.226865
0.136689,0.250269
0.135114,0.225308
0.136038,0.229284
0.163651,0.252818
0.134114,0.223782
0.135858,0.225173
0.134874,0.224584
0.137100,0.226545
0.134921,0.249470
0.135751,0.225305
0.136065,0.224959
0.148815,0.238556
0.149151,0.237284
0.134582,0.224149
0.150534,0.239769
0.135672,0.224849
0.151406,0.264229
0.141349,0.227804
0.134592,0.222231
0.138893,0.226236
0.135221,0.223002
0.135156,0.223815
0.135925,0.223579
0.135488,0.226099
0.137611,0.251598
0.135400,0.224849
0.149216,0.238731
0.147724,0.236320
0.134154,0.224824
0.134889,0.224377
0.135520,0.224992
0.145534,0.236116
0.136349,0.249474
0.134891,0.224761
0.145343,0.234983
0.134949,0.224838
0.137440,0.229785
0.136331,0.226146
0.134824,0.225177
0.135358,0.224842
0.136315,0.249910
0.135345,0.225194
0.135706,0.240551
0.133735,0.225857
0.162960,0.249199
0.135642,0.227470
0.135601,0.230271
0.136365,0.226366
0.134801,0.247496
0.136463,0.225682
0.136546,0.226112
0.147691,0.236554
0.135116,0.224569
0.134546,0.224440
0.135840,0.225423
0.137252,0.227777
0.136803,0.249285
0.135972,0.224711
0.135880,0.227247
0.133873,0.222782
0.136312,0.226062
0.136190,0.226216
0.136954,0.226228
0.136184,0.226910
0.146587,0.269010
0.146203,0.244333
0.146182,0.244153
0.142276,0.238496
0.144884,0.246036
0.146498,0.243411
0.146900,0.244173
0.143940,0.242282
0.145230,0.265684
0.142435,0.239702
0.145920,0.248036
0.157489,0.251234
0.158829,0.257446
0.137788,0.226878
0.136318,0.228056
0.138040,0.228196
0.152603,0.263645
0.137643,0.234214
0.162239,0.248021
0.146223,0.237306
0.134959,0.224856
0.136313,0.228755
0.151055,0.240226
0.135775,0.224995
0.157536,0.247818
0.135390,0.224785
0.135439,0.225610
0.149714,0.239040
0.135215,0.224616
0.134806,0.228658
0.136037,0.224981
0.137150,0.229383
0.181086,0.270469
0.136954,0.233894
0.135336,0.224931
0.134736,0.223324
0.135838,0.228170
0.143479,0.233494
0.136606,0.226467
0.137801,0.227548
0.161197,0.248240
0.136897,0.227101
0.134720,0.225098
0.135174,0.225237
0.135080,0.224832
0.135838,0.225502
0.137520,0.227934
0.136840,0.227439
0.161356,0.253115
0.136486,0.224208
0.152758,0.244160
0.150033,0.240189
0.135206,0.224932
0.134940,0.225426
0.135303,0.224543
0.136147,0.226167
0.161503,0.248574
0.139464,0.242577
0.135131,0.224679
0.162531,0.248830
0.135358,0.224664
0.136186,0.227021
0.149049,0.238997
0.137370,0.227359
0.171945,0.258943
0.143602,0.232653
0.134980,0.224275
0.136240,0.226312
0.135342,0.225158
0.150342,0.239756
0.136747,0.226733
0.152358,0.241324
0.158808,0.246027
0.151243,0.242935
0.133318,0.224757
0.149233,0.238181
0.135640,0.224854
0.135307,0.225455
0.135532,0.225012
0.136070,0.225545
0.159859,0.247346
0.135508,0.226790
0.134342,0.224535
0.135874,0.225063
0.135449,0.225062
0.135396,0.227228
0.135961,0.225759
0.135765,0.225963
0.158527,0.244685
0.135081,0.225034
0.134780,0.224504
0.135358,0.224996
0.135358,0.225315
0.136392,0.226086
0.135971,0.225859
0.147313,0.236115
0.156937,0.245443
0.136162,0.253935
0.150494,0.239128
0.134454,0.224493
0.177713,0.264400
0.159090,0.246745
0.135945,0.223196
0.148757,0.235324
0.137073,0.225542
0.135914,0.225261
0.134494,0.219428
0.145014,0.228683
0.135015,0.221906
0.136202,0.224358
0.143084,0.231202
0.137802,0.246579
0.136011,0.223383
0.134983,0.221576
0.134448,0.220965
0.134615,0.222620
0.135643,0.223576
0.135335,0.223306
0.136761,0.223870
0.136599,0.247357
0.133673,0.220155
0.136879,0.222904
0.133142,0.220358
0.133974,0.220433
0.135470,0.222600
0.135281,0.223553
0.137188,0.225743
0.137290,0.249191
0.135535,0.221009
0.134747,0.221716
0.141255,0.229279
0.135365,0.223352
0.134833,0.222525
0.136552,0.224803
0.135536,0.224125
0.135423,0.245700
0.136130,0.225238
0.135304,0.224540
0.139981,0.230391
0.148395,0.237150
0.135572,0.224544
0.137038,0.226295
0.163852,0.251127
0.150511,0.261972
0.135315,0.226516
0.135489,0.224001
0.136742,0.226468
0.148161,0.236455
0.134939,0.223769
0.162871,0.252575
0.136571,0.226345
0.137621,0.249386
0.134810,0.224222
0.136135,0.225366
0.134770,0.223483
0.134286,0.220753
0.144731,0.231618
0.135266,0.222602
0.136536,0.224846
0.135795,0.257446
0.135340,0.224436
0.149170,0.238194
0.142645,0.231984
0.135385,0.224357
0.134917,0.223894
0.134463,0.223325
0.137929,0.227727
0.136576,0.248656
0.135757,0.226225
0.135119,0.224503
0.135684,0.224747
0.136163,0.224933
0.135134,0.225193
0.135678,0.225211
0.136226,0.225647
0.137538,0.249685
0.135676,0.224245
0.135335,0.224885
0.137164,0.229557
0.133972,0.223002
0.135179,0.225852
0.136060,0.226411
0.135924,0.226916
0.166013,0.274610
0.135108,0.221451
0.135553,0.222637
0.136917,0.223686
0.134911,0.223886
0.136012,0.224157
0.135163,0.224242
0.135635,0.224943
0.137169,0.249600
0.134847,0.225723
0.134332,0.220203
0.135168,0.222790
0.134489,0.221355
0.135529,0.222224
0.134598,0.222189
0.135579,0.223425
0.135701,0.248811
0.134772,0.222790
0.140920,0.230070
0.135381,0.225043
0.139503,0.228292
0.149759,0.238705
0.135889,0.225817
0.135979,0.225924
0.135628,0.248542
0.138437,0.226903
0.135080,0.225619
0.136243,0.233603
0.136629,0.226429
0.134262,0.225819
0.134850,0.224107
0.135711,0.225077
0.136319,0.248362
0.136096,0.225824
0.143966,0.233570
0.146663,0.235664
0.136019,0.224872
0.135132,0.223721
0.137602,0.227141
0.135762,0.225280
0.136336,0.257505
0.134863,0.223674
0.163552,0.249183
0.136357,0.225459
0.134442,0.224361
0.134239,0.222946
0.134280,0.223663
0.135071,0.224257
0.136826,0.250476
0.135731,0.225286
0.135129,0.223802
0.135208,0.224822
0.134122,0.223274
0.135551,0.224651
0.134980,0.225265
0.135637,0.224437
0.135595,0.246930
0.135262,0.223792
0.136125,0.225275
0.135700,0.227009
0.134742,0.222478
0.134343,0.221712
0.135189,0.222933
0.135937,0.224919
0.135758,0.246536
0.134654,0.221831
0.134631,0.223523
0.135684,0.225359
0.144459,0.234384
0.134628,0.225804
0.134560,0.222860
0.136669,0.226163
0.135597,0.245557
0.135920,0.224723
0.135223,0.224748
0.135588,0.224257
0.136354,0.241788
0.135253,0.224524
0.152386,0.250069
0.136851,0.226798
0.157599,0.247283
0.134864,0.223678
0.135411,0.224345
0.136372,0.228156
0.164897,0.250803
0.134490,0.223368
0.135247,0.223990
0.135204,0.224654
0.160006,0.250246
0.150042,0.238237
0.134894,0.223968
0.135884,0.225181
0.137187,0.226002
0.136484,0.225680
0.135177,0.226219
0.135963,0.225600
0.165423,0.252197
0.135153,0.223964
0.150908,0.239432
0.135530,0.225877
0.136908,0.225834
0.134202,0.223612
0.136127,0.225886
0.151573,0.240947
0.160316,0.247239
0.135242,0.224050
0.135296,0.223930
0.136176,0.226260
0.138143,0.226930
0.135562,0.225636
0.135263,0.224227
0.135438,0.224583
0.160580,0.247162
0.135555,0.224270
0.148343,0.237177
0.134767,0.223649
0.136072,0.230630
0.145537,0.235351
0.136182,0.225014
0.148104,0.238273
0.161908,0.250047
0.133903,0.220269
0.134415,0.221386
0.134573,0.221630
0.135943,0.223730
0.163704,0.247516
0.135216,0.223284
0.137442,0.226018
0.160507,0.250254
0.134160,0.222854
0.134195,0.223181
0.134635,0.223666
0.135596,0.226793
0.135448,0.224704
0.135552,0.224611
0.135617,0.224302
0.158435,0.252194
0.134940,0.224063
0.135327,0.224338
0.134828,0.224146
0.134824,0.224164
0.135684,0.224282
0.137161,0.227037
0.136228,0.225768
0.158080,0.245870
0.134169,0.223118
0.135799,0.225663
0.135981,0.225191
0.135014,0.224279
0.135871,0.225445
0.134846,0.223663
0.135683,0.224196
0.155847,0.244732
0.134517,0.221818
0.134902,0.222424
0.134733,0.221595
0.134522,0.221455
0.140233,0.227859
0.136776,0.225283
0.135915,0.225192
0.154734,0.243009
0.134257,0.222384
0.135484,0.224597
0.135156,0.224064
0.134959,0.224598
0.134954,0.223764
0.136164,0.224836
0.164867,0.271566
0.135931,0.225141
0.134943,0.223594
0.134317,0.220513
0.135790,0.223742
0.136141,0.224507
0.136118,0.223684
0.137077,0.226021
0.135728,0.244977
0.134554,0.223600
0.136497,0.223798
0.134289,0.219515
0.135616,0.221868
0.135137,0.222750
0.136137,0.224371
0.135656,0.222287
0.136608,0.245753
0.134518,0.219163
0.134789,0.220275
0.135636,0.222479
0.135228,0.221905
0.135929,0.223221
0.136310,0.224797
0.135700,0.222443
0.137253,0.248327
0.135452,0.223284
0.136200,0.224394
0.135534,0.224700
0.134687,0.222949
0.136092,0.224936
0.136442,0.225707
0.165684,0.253661
0.134849,0.268545
0.133834,0.219608
0.135181,0.221435
0.134810,0.221648
0.134907,0.221687
0.135794,0.223303
0.135702,0.222854
0.136811,0.225197
0.137019,0.257502
0.135403,0.224482
0.165055,0.262638
0.134867,0.223877
0.135700,0.224402
0.136161,0.224773
0.136378,0.225723
0.135851,0.225403
0.136469,0.251141
0.135593,0.224261
0.135614,0.224867
0.136596,0.223311
0.134566,0.222602
0.135748,0.223369
0.135786,0.224884
0.135660,0.223357
0.136473,0.247610
0.135941,0.225573
0.136299,0.225130
0.135363,0.224906
0.135698,0.225176
0.149559,0.237650
0.135925,0.225425
0.136138,0.225245
0.151106,0.263233
0.148927,0.237330
0.150340,0.238378
0.134995,0.226422
0.135154,0.224569
0.134671,0.223766
0.151144,0.239546
0.156600,0.244568
0.150231,0.261835
0.136066,0.224359
0.135663,0.225304
0.134535,0.220798
0.135094,0.222007
0.135476,0.223185
0.136154,0.223410
0.135668,0.222832
0.137248,0.249768
0.135879,0.223496
0.136496,0.226070
0.164571,0.251623
0.148398,0.236503
0.135747,0.224764
0.136292,0.225891
0.135757,0.224949
0.136076,0.247603
0.136071,0.225306
0.151756,0.240982
0.135034,0.224325
0.135109,0.226830
0.136094,0.226091
0.136118,0.227799
0.136344,0.226253
0.137051,0.250656
0.134977,0.224286
0.136025,0.227461
0.134758,0.223991
0.135326,0.224797
0.135736,0.227015
0.136202,0.226190
0.136879,0.226873
0.136320,0.248510
0.135869,0.224641
0.136002,0.227204
0.149537,0.238725
0.149442,0.238817
0.139536,0.229478
0.136897,0.227229
0.140880,0.230384
0.167933,0.282076
0.135938,0.224538
0.135997,0.225238
0.135060,0.224108
0.136375,0.226243
0.135689,0.225823
0.136338,0.226107
0.144792,0.234422
0.136696,0.248750
0.135791,0.226526
0.151284,0.240353
0.150103,0.238748
0.173876,0.259730
0.136779,0.226637
0.135944,0.225559
0.136735,0.226333
0.136945,0.249052
0.136060,0.225696
0.136150,0.224867
0.135218,0.222031
0.134898,0.221813
0.135371,0.222764
0.135033,0.222952
0.136614,0.224219
0.136537,0.247844
0.136030,0.223754
0.135826,0.224433
0.135670,0.223643
0.136516,0.225537
0.135551,0.225098
0.136441,0.226549
0.137000,0.226565
0.136735,0.248766
0.135518,0.223989
0.136189,0.225607
0.136572,0.226474
0.135163,0.225295
0.135472,0.224880
0.135987,0.224984
0.136850,0.232645
0.136580,0.246917
0.135884,0.227149
0.137123,0.225509
0.137975,0.225722
0.147115,0.232991
0.134536,0.222055
0.136686,0.224090
0.137067,0.224911
0.161445,0.248151
0.134892,0.222475
0.134362,0.220138
0.146361,0.231623
0.135551,0.222881
0.135634,0.222602
0.172091,0.259917
0.141592,0.229342
0.163989,0.250536
0.134789,0.220521
0.136175,0.222466
0.138286,0.225743
0.134924,0.222999
0.146695,0.231710
0.134533,0.221681
0.136078,0.223126
0.162092,0.247300
0.135597,0.222671
0.135382,0.225046
0.136061,0.224647
0.135448,0.224514
0.135350,0.224428
0.135281,0.224800
0.136453,0.225508
0.159398,0.245782
0.149775,0.237739
0.135637,0.225384
0.135527,0.225792
0.134841,0.223937
0.136205,0.225538
0.145433,0.234294
0.136172,0.225397
0.173036,0.259126
0.135978,0.224636
0.136734,0.225840
0.136196,0.225284
0.149000,0.237124
0.135423,0.224958
0.135753,0.224931
0.136120,0.226459
0.160177,0.247129
0.135675,0.224697
0.135809,0.228083
0.136503,0.225599
0.137485,0.228422
0.136745,0.227225
0.147443,0.236681
0.135810,0.229930
0.186735,0.269571
0.136155,0.225195
0.137421,0.227229
0.136770,0.233083
0.135439,0.224588
0.136958,0.226256
0.135620,0.226209
0.137035,0.225789
0.158596,0.245017
0.136614,0.226646
0.136775,0.226347
0.136886,0.226241
0.135755,0.226236
0.136264,0.224658
0.136606,0.226660
0.136050,0.225206
0.170460,0.257207
0.135324,0.223827
0.137351,0.226140
0.135538,0.225446
0.134860,0.224159
0.149855,0.237723
0.135616,0.224190
0.138368,0.227513
0.158335,0.247718
0.145541,0.233851
0.150930,0.238835
0.136157,0.225503
0.135602,0.224635
0.135326,0.224753
0.135805,0.224494
0.150054,0.258509
0.135673,0.222231
0.135661,0.222141
0.134819,0.221178
0.136945,0.223940
0.138707,0.227098
0.136107,0.225887
0.135668,0.223761
0.135574,0.244910
0.134602,0.221215
0.133230,0.218577
0.161486,0.242814
0.136666,0.224168
0.135182,0.223181
0.139868,0.233888
0.135637,0.224427
0.135913,0.245867
0.142164,0.229691
0.132568,0.217396
0.135344,0.221573
0.134392,0.220590
0.137507,0.227355
0.138525,0.224298
0.145292,0.232453
0.136155,0.242300
0.132225,0.214562
0.131958,0.216155
0.132049,0.217329
0.134960,0.221761
0.135182,0.221310
0.135989,0.222576
0.136221,0.222732
0.137578,0.247652
0.137582,0.224943
0.166395,0.250849
0.134332,0.222395
0.135127,0.224307
0.136784,0.226499
0.145180,0.233802
0.135197,0.226348
0.135559,0.246637
0.136722,0.225585
0.134342,0.222809
0.134814,0.224677
0.134332,0.223059
0.135534,0.225334
0.136269,0.223143
0.136120,0.221605
0.135732,0.257518
0.135753,0.223254
0.134515,0.223678
0.134836,0.222827
0.135710,0.224569
0.135482,0.225312
0.135973,0.225115
0.135059,0.223674
0.136956,0.248158
0.136456,0.225954
0.134677,0.223698
0.134060,0.222770
0.134593,0.224053
0.135882,0.225720
0.135748,0.224951
0.136869,0.226383
0.136045,0.248052
0.134568,0.224083
0.133834,0.222456
0.134655,0.221099
0.133804,0.221279
0.135702,0.223068
0.135337,0.222751
0.136494,0.225076
0.136234,0.248108
0.136633,0.227099
0.135218,0.251728
0.134081,0.219874
0.163400,0.250293
0.136088,0.223798
0.148112,0.236184
0.136656,0.224009
0.135780,0.247784
0.135356,0.223472
0.135082,0.222789
0.143242,0.231862
0.134875,0.223232
0.135188,0.224965
0.136921,0.226458
0.136497,0.225342
0.149985,0.266034
0.134400,0.220561
0.141437,0.227652
0.134926,0.221731
0.139313,0.225950
0.132983,0.218472
0.144971,0.228503
0.135795,0.222837
0.136700,0.247748
0.135930,0.223391
0.146857,0.233210
0.133779,0.222169
0.134125,0.223096
0.135698,0.224702
0.136414,0.224329
0.140343,0.229618
0.149907,0.260874
0.135365,0.224196
0.136044,0.225237
0.136782,0.224839
0.135678,0.224742
0.135638,0.225142
0.135495,0.224728
0.137399,0.226653
0.136793,0.250867
0.136771,0.226593
0.136005,0.226778
0.139371,0.229004
0.168559,0.258292
0.149317,0.238424
0.136212,0.225893
0.134941,0.224103
0.136082,0.249211
0.135583,0.224899
0.139306,0.227910
0.134672,0.226118
0.134500,0.227249
0.135212,0.224827
0.135422,0.224564
0.136522,0.225747
0.136422,0.257156
0.139125,0.228233
0.143534,0.232547
0.134802,0.223592
0.135057,0.225312
0.136316,0.225550
0.136624,0.225920
0.135168,0.224235
0.136873,0.249211
